ciro3484	Lach1	93.333	60	2	2	1	58	2152520	2152461	1.52e-18	87.9
ciro3484	Lach1	100.000	43	0	0	16	58	4399188	4399146	2.54e-16	80.5
ciro3484	Lach1	95.833	48	1	1	11	58	21539	21585	3.28e-15	76.8
ciro3484	Lach1	95.652	46	0	2	14	59	4567964	4568007	4.25e-14	73.1
ciro3484	Lach1	95.349	43	2	0	4	46	3986874	3986832	5.49e-13	69.4
ciro3484	Lach1	100.000	36	0	0	23	58	4649301	4649336	1.98e-12	67.6
ciro3484	Lach1	97.436	39	0	1	20	58	2956261	2956298	7.10e-12	65.8
ciro3484	Lach1	97.297	37	1	0	18	54	1185445	1185409	2.56e-11	63.9
ciro3484	Lach1	92.857	42	3	0	3	44	336355	336396	9.19e-11	62.1
ciro3484	Lach2	100.000	43	0	0	16	58	252664	252622	2.54e-16	80.5
ciro3484	Lach2	95.122	41	2	0	10	50	399769	399809	7.10e-12	65.8
ciro3484	Lach2	93.182	44	3	0	3	46	1405618	1405661	7.10e-12	65.8
ciro3484	Lach2	94.872	39	0	2	29	67	1373718	1373682	3.31e-10	60.2
ciro3545	Lach1	100.000	44	0	0	28	71	4649301	4649344	9.21e-17	82.4
ciro3545	Lach1	100.000	43	0	0	27	69	4399182	4399140	3.31e-16	80.5
ciro3545	Lach1	97.778	45	1	0	27	71	21549	21593	1.19e-15	78.7
ciro3545	Lach1	97.826	46	0	1	27	71	2956261	2956306	1.19e-15	78.7
ciro3545	Lach1	97.778	45	1	0	27	71	4399184	4399140	1.19e-15	78.7
ciro3545	Lach1	97.778	45	1	0	27	71	4649302	4649346	1.19e-15	78.7
ciro3545	Lach1	97.727	44	1	0	28	71	2956265	2956308	4.29e-15	76.8
ciro3545	Lach1	97.619	42	1	0	39	80	223558	223517	5.55e-14	73.1
ciro3545	Lach1	95.556	45	2	0	27	71	2956266	2956310	5.55e-14	73.1
ciro3545	Lach1	95.556	45	2	0	27	71	4399186	4399142	5.55e-14	73.1
ciro3545	Lach1	95.556	45	2	0	27	71	4649304	4649348	5.55e-14	73.1
ciro3545	Lach1	100.000	38	0	0	34	71	374116	374153	1.99e-13	71.3
ciro3545	Lach1	100.000	38	0	0	34	71	1501075	1501112	1.99e-13	71.3
ciro3545	Lach1	95.455	44	2	0	28	71	1905893	1905936	1.99e-13	71.3
ciro3545	Lach1	97.500	40	1	0	32	71	374116	374155	7.17e-13	69.4
ciro3545	Lach1	97.500	40	1	0	32	71	1501075	1501114	7.17e-13	69.4
ciro3545	Lach1	100.000	37	0	0	35	71	1587224	1587188	7.17e-13	69.4
ciro3545	Lach1	92.000	50	3	1	27	75	1732695	1732744	7.17e-13	69.4
ciro3545	Lach1	100.000	37	0	0	27	63	2152497	2152461	7.17e-13	69.4
ciro3545	Lach1	100.000	37	0	0	35	71	2494808	2494772	7.17e-13	69.4
ciro3545	Lach1	93.478	46	2	1	30	74	374116	374161	2.58e-12	67.6
ciro3545	Lach1	91.837	49	3	1	24	71	1501068	1501116	2.58e-12	67.6
ciro3545	Lach1	97.436	39	1	0	33	71	1587224	1587186	2.58e-12	67.6
ciro3545	Lach1	93.333	45	3	0	27	71	1905894	1905938	2.58e-12	67.6
ciro3545	Lach1	97.436	39	1	0	33	71	2494808	2494770	2.58e-12	67.6
ciro3545	Lach1	93.333	45	3	0	27	71	2956268	2956312	2.58e-12	67.6
ciro3545	Lach1	93.333	45	3	0	27	71	4649306	4649350	2.58e-12	67.6
ciro3545	Lach1	100.000	35	0	0	37	71	116525	116491	9.28e-12	65.8
ciro3545	Lach1	91.667	48	3	1	25	71	1501071	1501118	9.28e-12	65.8
ciro3545	Lach1	95.122	41	2	0	31	71	1587224	1587184	9.28e-12	65.8
ciro3545	Lach1	95.122	41	2	0	31	71	2494808	2494768	9.28e-12	65.8
ciro3545	Lach1	100.000	35	0	0	39	73	2956616	2956650	9.28e-12	65.8
ciro3545	Lach1	100.000	35	0	0	37	71	3753396	3753430	9.28e-12	65.8
ciro3545	Lach1	93.333	45	1	2	35	78	4780391	4780348	9.28e-12	65.8
ciro3545	Lach1	91.667	48	3	1	25	71	5310482	5310529	9.28e-12	65.8
ciro3545	Lach1	91.667	48	3	1	25	71	5310484	5310531	9.28e-12	65.8
ciro3545	Lach1	91.667	48	3	1	25	71	5310486	5310533	9.28e-12	65.8
ciro3545	Lach1	100.000	35	0	0	39	73	5455812	5455846	9.28e-12	65.8
ciro3545	Lach1	100.000	34	0	0	39	72	16572	16539	3.34e-11	63.9
ciro3545	Lach1	100.000	34	0	0	39	72	34016	34049	3.34e-11	63.9
ciro3545	Lach1	97.297	37	1	0	35	71	116525	116489	3.34e-11	63.9
ciro3545	Lach1	100.000	34	0	0	37	70	273991	274024	3.34e-11	63.9
ciro3545	Lach1	100.000	34	0	0	38	71	442780	442813	3.34e-11	63.9
ciro3545	Lach1	97.297	37	1	0	39	75	596935	596899	3.34e-11	63.9
ciro3545	Lach1	97.368	38	0	1	39	75	596937	596900	3.34e-11	63.9
ciro3545	Lach1	100.000	34	0	0	39	72	878182	878215	3.34e-11	63.9
ciro3545	Lach1	100.000	34	0	0	39	72	1071137	1071104	3.34e-11	63.9
ciro3545	Lach1	95.122	41	1	1	32	71	1148065	1148025	3.34e-11	63.9
ciro3545	Lach1	87.500	56	6	1	27	82	1501076	1501130	3.34e-11	63.9
ciro3545	Lach1	93.023	43	3	0	29	71	1587224	1587182	3.34e-11	63.9
ciro3545	Lach1	100.000	34	0	0	38	71	1596765	1596732	3.34e-11	63.9
ciro3545	Lach1	95.122	41	1	1	39	79	1849834	1849795	3.34e-11	63.9
ciro3545	Lach1	100.000	34	0	0	39	72	2059744	2059711	3.34e-11	63.9
ciro3545	Lach1	100.000	34	0	0	39	72	2282759	2282792	3.34e-11	63.9
ciro3545	Lach1	100.000	34	0	0	39	72	2350875	2350842	3.34e-11	63.9
ciro3545	Lach1	100.000	34	0	0	38	71	2452659	2452692	3.34e-11	63.9
ciro3545	Lach1	93.023	43	3	0	29	71	2494808	2494766	3.34e-11	63.9
ciro3545	Lach1	100.000	34	0	0	39	72	2826832	2826799	3.34e-11	63.9
ciro3545	Lach1	100.000	34	0	0	39	72	2956288	2956321	3.34e-11	63.9
ciro3545	Lach1	100.000	34	0	0	39	72	3596310	3596343	3.34e-11	63.9
ciro3545	Lach1	97.297	37	1	0	35	71	3753396	3753432	3.34e-11	63.9
ciro3545	Lach1	100.000	34	0	0	39	72	3939377	3939344	3.34e-11	63.9
ciro3545	Lach1	100.000	34	0	0	39	72	4219556	4219589	3.34e-11	63.9
ciro3545	Lach1	100.000	34	0	0	39	72	4342433	4342466	3.34e-11	63.9
ciro3545	Lach1	100.000	34	0	0	39	72	4470963	4470996	3.34e-11	63.9
ciro3545	Lach1	100.000	34	0	0	27	60	4567971	4568004	3.34e-11	63.9
ciro3545	Lach1	97.368	38	0	1	39	75	4589063	4589100	3.34e-11	63.9
ciro3545	Lach1	100.000	34	0	0	39	72	4641230	4641263	3.34e-11	63.9
ciro3545	Lach1	93.182	44	1	2	26	67	4697551	4697594	3.34e-11	63.9
ciro3545	Lach1	100.000	34	0	0	39	72	5126668	5126701	3.34e-11	63.9
ciro3545	Lach1	100.000	34	0	0	38	71	5145196	5145229	3.34e-11	63.9
ciro3545	Lach1	97.368	38	0	1	35	71	5217891	5217928	3.34e-11	63.9
ciro3545	Lach1	100.000	34	0	0	38	71	5455773	5455806	3.34e-11	63.9
ciro3545	Lach1	97.368	38	0	1	39	75	5460594	5460557	3.34e-11	63.9
ciro3545	Lach1	100.000	34	0	0	38	71	5506129	5506096	3.34e-11	63.9
ciro3545	Lach1	100.000	34	0	0	39	72	5510354	5510321	3.34e-11	63.9
ciro3545	Lach1	100.000	33	0	0	39	71	16574	16542	1.20e-10	62.1
ciro3545	Lach1	100.000	33	0	0	39	71	16576	16544	1.20e-10	62.1
ciro3545	Lach1	100.000	33	0	0	39	71	16578	16546	1.20e-10	62.1
ciro3545	Lach1	100.000	33	0	0	39	71	16580	16548	1.20e-10	62.1
ciro3545	Lach1	100.000	33	0	0	39	71	16582	16550	1.20e-10	62.1
ciro3545	Lach1	100.000	33	0	0	39	71	16584	16552	1.20e-10	62.1
ciro3545	Lach1	100.000	33	0	0	39	71	16586	16554	1.20e-10	62.1
ciro3545	Lach1	100.000	33	0	0	39	71	16588	16556	1.20e-10	62.1
ciro3545	Lach1	100.000	33	0	0	39	71	16590	16558	1.20e-10	62.1
ciro3545	Lach1	100.000	33	0	0	39	71	16592	16560	1.20e-10	62.1
ciro3545	Lach1	100.000	33	0	0	39	71	16594	16562	1.20e-10	62.1
ciro3545	Lach1	100.000	33	0	0	39	71	22884	22852	1.20e-10	62.1
ciro3545	Lach1	100.000	33	0	0	39	71	22886	22854	1.20e-10	62.1
ciro3545	Lach1	100.000	33	0	0	39	71	22888	22856	1.20e-10	62.1
ciro3545	Lach1	100.000	33	0	0	39	71	22890	22858	1.20e-10	62.1
ciro3545	Lach1	100.000	33	0	0	39	71	22892	22860	1.20e-10	62.1
ciro3545	Lach1	100.000	33	0	0	39	71	22894	22862	1.20e-10	62.1
ciro3545	Lach1	100.000	33	0	0	39	71	22896	22864	1.20e-10	62.1
ciro3545	Lach1	100.000	33	0	0	39	71	22898	22866	1.20e-10	62.1
ciro3545	Lach1	100.000	33	0	0	39	71	22900	22868	1.20e-10	62.1
ciro3545	Lach1	100.000	33	0	0	39	71	33988	34020	1.20e-10	62.1
ciro3545	Lach1	100.000	33	0	0	39	71	33990	34022	1.20e-10	62.1
ciro3545	Lach1	100.000	33	0	0	39	71	33992	34024	1.20e-10	62.1
ciro3545	Lach1	100.000	33	0	0	39	71	33994	34026	1.20e-10	62.1
ciro3545	Lach1	100.000	33	0	0	39	71	33996	34028	1.20e-10	62.1
ciro3545	Lach1	100.000	33	0	0	39	71	33998	34030	1.20e-10	62.1
ciro3545	Lach1	100.000	33	0	0	39	71	34000	34032	1.20e-10	62.1
ciro3545	Lach1	100.000	33	0	0	39	71	34002	34034	1.20e-10	62.1
ciro3545	Lach1	100.000	33	0	0	39	71	34004	34036	1.20e-10	62.1
ciro3545	Lach1	100.000	33	0	0	39	71	34006	34038	1.20e-10	62.1
ciro3545	Lach1	100.000	33	0	0	39	71	34008	34040	1.20e-10	62.1
ciro3545	Lach1	100.000	33	0	0	39	71	34010	34042	1.20e-10	62.1
ciro3545	Lach1	100.000	33	0	0	39	71	34012	34044	1.20e-10	62.1
ciro3545	Lach1	100.000	33	0	0	39	71	34014	34046	1.20e-10	62.1
ciro3545	Lach1	100.000	33	0	0	39	71	116143	116111	1.20e-10	62.1
ciro3545	Lach1	93.023	43	2	1	30	71	116155	116113	1.20e-10	62.1
ciro3545	Lach1	100.000	33	0	0	39	71	116517	116485	1.20e-10	62.1
ciro3545	Lach1	100.000	33	0	0	39	71	116519	116487	1.20e-10	62.1
ciro3545	Lach1	100.000	33	0	0	39	71	122417	122449	1.20e-10	62.1
ciro3545	Lach1	100.000	33	0	0	39	71	122419	122451	1.20e-10	62.1
ciro3545	Lach1	100.000	33	0	0	39	71	122421	122453	1.20e-10	62.1
ciro3545	Lach1	100.000	33	0	0	39	71	122423	122455	1.20e-10	62.1
ciro3545	Lach1	100.000	33	0	0	39	71	122425	122457	1.20e-10	62.1
ciro3545	Lach1	100.000	33	0	0	39	71	122427	122459	1.20e-10	62.1
ciro3545	Lach1	100.000	33	0	0	39	71	122429	122461	1.20e-10	62.1
ciro3545	Lach1	91.304	46	2	1	39	82	221426	221381	1.20e-10	62.1
ciro3545	Lach1	100.000	33	0	0	39	71	221428	221396	1.20e-10	62.1
ciro3545	Lach1	100.000	33	0	0	39	71	223562	223530	1.20e-10	62.1
ciro3545	Lach1	100.000	33	0	0	39	71	223564	223532	1.20e-10	62.1
ciro3545	Lach1	100.000	33	0	0	39	71	223566	223534	1.20e-10	62.1
ciro3545	Lach1	100.000	33	0	0	39	71	223568	223536	1.20e-10	62.1
ciro3545	Lach1	100.000	33	0	0	39	71	223570	223538	1.20e-10	62.1
ciro3545	Lach1	100.000	33	0	0	39	71	223572	223540	1.20e-10	62.1
ciro3545	Lach1	100.000	33	0	0	39	71	223574	223542	1.20e-10	62.1
ciro3545	Lach1	100.000	33	0	0	39	71	223576	223544	1.20e-10	62.1
ciro3545	Lach1	100.000	33	0	0	39	71	223578	223546	1.20e-10	62.1
ciro3545	Lach1	100.000	33	0	0	39	71	223580	223548	1.20e-10	62.1
ciro3545	Lach1	100.000	33	0	0	39	71	270864	270832	1.20e-10	62.1
ciro3545	Lach1	100.000	33	0	0	39	71	270866	270834	1.20e-10	62.1
ciro3545	Lach1	100.000	33	0	0	39	71	270868	270836	1.20e-10	62.1
ciro3545	Lach1	100.000	33	0	0	39	71	270870	270838	1.20e-10	62.1
ciro3545	Lach1	100.000	33	0	0	39	71	270872	270840	1.20e-10	62.1
ciro3545	Lach1	100.000	33	0	0	39	71	270874	270842	1.20e-10	62.1
ciro3545	Lach1	100.000	33	0	0	39	71	275741	275773	1.20e-10	62.1
ciro3545	Lach1	100.000	33	0	0	39	71	275743	275775	1.20e-10	62.1
ciro3545	Lach1	100.000	33	0	0	39	71	275745	275777	1.20e-10	62.1
ciro3545	Lach1	100.000	33	0	0	39	71	275747	275779	1.20e-10	62.1
ciro3545	Lach1	100.000	33	0	0	39	71	275749	275781	1.20e-10	62.1
ciro3545	Lach1	100.000	33	0	0	39	71	275751	275783	1.20e-10	62.1
ciro3545	Lach1	100.000	33	0	0	39	71	281730	281698	1.20e-10	62.1
ciro3545	Lach1	100.000	33	0	0	39	71	281732	281700	1.20e-10	62.1
ciro3545	Lach1	100.000	33	0	0	39	71	298990	299022	1.20e-10	62.1
ciro3545	Lach1	100.000	33	0	0	39	71	298992	299024	1.20e-10	62.1
ciro3545	Lach1	100.000	33	0	0	39	71	298994	299026	1.20e-10	62.1
ciro3545	Lach1	100.000	33	0	0	39	71	298996	299028	1.20e-10	62.1
ciro3545	Lach1	100.000	33	0	0	39	71	298998	299030	1.20e-10	62.1
ciro3545	Lach1	100.000	33	0	0	39	71	299000	299032	1.20e-10	62.1
ciro3545	Lach1	100.000	33	0	0	39	71	299002	299034	1.20e-10	62.1
ciro3545	Lach1	92.857	42	3	0	28	69	374116	374157	1.20e-10	62.1
ciro3545	Lach1	100.000	33	0	0	39	71	437086	437054	1.20e-10	62.1
ciro3545	Lach1	100.000	33	0	0	39	71	437088	437056	1.20e-10	62.1
ciro3545	Lach1	100.000	33	0	0	39	71	437090	437058	1.20e-10	62.1
ciro3545	Lach1	100.000	33	0	0	39	71	437092	437060	1.20e-10	62.1
ciro3545	Lach1	100.000	33	0	0	39	71	497696	497664	1.20e-10	62.1
ciro3545	Lach1	100.000	33	0	0	39	71	497698	497666	1.20e-10	62.1
ciro3545	Lach1	100.000	33	0	0	39	71	497700	497668	1.20e-10	62.1
ciro3545	Lach1	100.000	33	0	0	39	71	497702	497670	1.20e-10	62.1
ciro3545	Lach1	100.000	33	0	0	39	71	578290	578258	1.20e-10	62.1
ciro3545	Lach1	100.000	33	0	0	39	71	578292	578260	1.20e-10	62.1
ciro3545	Lach1	100.000	33	0	0	39	71	578294	578262	1.20e-10	62.1
ciro3545	Lach1	100.000	33	0	0	39	71	578296	578264	1.20e-10	62.1
ciro3545	Lach1	100.000	33	0	0	39	71	596939	596907	1.20e-10	62.1
ciro3545	Lach1	100.000	33	0	0	39	71	596941	596909	1.20e-10	62.1
ciro3545	Lach1	100.000	33	0	0	39	71	596943	596911	1.20e-10	62.1
ciro3545	Lach1	100.000	33	0	0	39	71	653515	653547	1.20e-10	62.1
ciro3545	Lach1	100.000	33	0	0	39	71	653517	653549	1.20e-10	62.1
ciro3545	Lach1	100.000	33	0	0	39	71	653519	653551	1.20e-10	62.1
ciro3545	Lach1	100.000	33	0	0	39	71	653521	653553	1.20e-10	62.1
ciro3545	Lach1	100.000	33	0	0	39	71	653523	653555	1.20e-10	62.1
ciro3545	Lach1	100.000	33	0	0	39	71	653525	653557	1.20e-10	62.1
ciro3545	Lach1	100.000	33	0	0	39	71	653527	653559	1.20e-10	62.1
ciro3545	Lach1	100.000	33	0	0	39	71	653529	653561	1.20e-10	62.1
ciro3545	Lach1	100.000	33	0	0	39	71	653531	653563	1.20e-10	62.1
ciro3545	Lach1	100.000	33	0	0	39	71	653533	653565	1.20e-10	62.1
ciro3545	Lach1	100.000	33	0	0	39	71	653535	653567	1.20e-10	62.1
ciro3545	Lach1	100.000	33	0	0	39	71	653537	653569	1.20e-10	62.1
ciro3545	Lach1	100.000	33	0	0	39	71	677161	677129	1.20e-10	62.1
ciro3545	Lach1	100.000	33	0	0	39	71	677163	677131	1.20e-10	62.1
ciro3545	Lach1	100.000	33	0	0	39	71	677165	677133	1.20e-10	62.1
ciro3545	Lach1	100.000	33	0	0	39	71	677167	677135	1.20e-10	62.1
ciro3545	Lach1	100.000	33	0	0	39	71	677169	677137	1.20e-10	62.1
ciro3545	Lach1	100.000	33	0	0	39	71	679132	679100	1.20e-10	62.1
ciro3545	Lach1	91.304	46	3	1	27	71	706449	706404	1.20e-10	62.1
ciro3545	Lach1	95.000	40	1	1	32	71	706450	706412	1.20e-10	62.1
ciro3545	Lach1	100.000	33	0	0	39	71	744652	744684	1.20e-10	62.1
ciro3545	Lach1	100.000	33	0	0	39	71	744654	744686	1.20e-10	62.1
ciro3545	Lach1	100.000	33	0	0	39	71	744656	744688	1.20e-10	62.1
ciro3545	Lach1	100.000	33	0	0	39	71	744658	744690	1.20e-10	62.1
ciro3545	Lach1	100.000	33	0	0	39	71	744660	744692	1.20e-10	62.1
ciro3545	Lach1	100.000	33	0	0	39	71	878176	878208	1.20e-10	62.1
ciro3545	Lach1	100.000	33	0	0	39	71	878178	878210	1.20e-10	62.1
ciro3545	Lach1	100.000	33	0	0	39	71	878180	878212	1.20e-10	62.1
ciro3545	Lach1	100.000	33	0	0	39	71	882511	882479	1.20e-10	62.1
ciro3545	Lach1	100.000	33	0	0	39	71	934222	934254	1.20e-10	62.1
ciro3545	Lach1	100.000	33	0	0	39	71	934224	934256	1.20e-10	62.1
ciro3545	Lach1	100.000	33	0	0	39	71	980882	980850	1.20e-10	62.1
ciro3545	Lach1	100.000	33	0	0	39	71	1149438	1149470	1.20e-10	62.1
ciro3545	Lach1	100.000	33	0	0	39	71	1149440	1149472	1.20e-10	62.1
ciro3545	Lach1	100.000	33	0	0	39	71	1149442	1149474	1.20e-10	62.1
ciro3545	Lach1	100.000	33	0	0	39	71	1149444	1149476	1.20e-10	62.1
ciro3545	Lach1	100.000	33	0	0	39	71	1149446	1149478	1.20e-10	62.1
ciro3545	Lach1	100.000	33	0	0	39	71	1149448	1149480	1.20e-10	62.1
ciro3545	Lach1	100.000	33	0	0	39	71	1149450	1149482	1.20e-10	62.1
ciro3545	Lach1	100.000	33	0	0	39	71	1149452	1149484	1.20e-10	62.1
ciro3545	Lach1	100.000	33	0	0	39	71	1149454	1149486	1.20e-10	62.1
ciro3545	Lach1	100.000	33	0	0	39	71	1149456	1149488	1.20e-10	62.1
ciro3545	Lach1	100.000	33	0	0	39	71	1255606	1255638	1.20e-10	62.1
ciro3545	Lach1	100.000	33	0	0	39	71	1255608	1255640	1.20e-10	62.1
ciro3545	Lach1	100.000	33	0	0	39	71	1255610	1255642	1.20e-10	62.1
ciro3545	Lach1	100.000	33	0	0	39	71	1255612	1255644	1.20e-10	62.1
ciro3545	Lach1	100.000	33	0	0	39	71	1255614	1255646	1.20e-10	62.1
ciro3545	Lach1	100.000	33	0	0	39	71	1255616	1255648	1.20e-10	62.1
ciro3545	Lach1	100.000	33	0	0	39	71	1255618	1255650	1.20e-10	62.1
ciro3545	Lach1	100.000	33	0	0	39	71	1255620	1255652	1.20e-10	62.1
ciro3545	Lach1	100.000	33	0	0	39	71	1255622	1255654	1.20e-10	62.1
ciro3545	Lach1	100.000	33	0	0	39	71	1255624	1255656	1.20e-10	62.1
ciro3545	Lach1	100.000	33	0	0	39	71	1255626	1255658	1.20e-10	62.1
ciro3545	Lach1	100.000	33	0	0	39	71	1255628	1255660	1.20e-10	62.1
ciro3545	Lach1	100.000	33	0	0	39	71	1255630	1255662	1.20e-10	62.1
ciro3545	Lach1	100.000	33	0	0	39	71	1256407	1256375	1.20e-10	62.1
ciro3545	Lach1	100.000	33	0	0	39	71	1256409	1256377	1.20e-10	62.1
ciro3545	Lach1	100.000	33	0	0	39	71	1256411	1256379	1.20e-10	62.1
ciro3545	Lach1	100.000	33	0	0	39	71	1256413	1256381	1.20e-10	62.1
ciro3545	Lach1	100.000	33	0	0	39	71	1256415	1256383	1.20e-10	62.1
ciro3545	Lach1	100.000	33	0	0	39	71	1256417	1256385	1.20e-10	62.1
ciro3545	Lach1	100.000	33	0	0	39	71	1256419	1256387	1.20e-10	62.1
ciro3545	Lach1	100.000	33	0	0	39	71	1256421	1256389	1.20e-10	62.1
ciro3545	Lach1	100.000	33	0	0	39	71	1256423	1256391	1.20e-10	62.1
ciro3545	Lach1	100.000	33	0	0	39	71	1299153	1299121	1.20e-10	62.1
ciro3545	Lach1	100.000	33	0	0	39	71	1299155	1299123	1.20e-10	62.1
ciro3545	Lach1	100.000	33	0	0	39	71	1299157	1299125	1.20e-10	62.1
ciro3545	Lach1	100.000	33	0	0	39	71	1299159	1299127	1.20e-10	62.1
ciro3545	Lach1	100.000	33	0	0	39	71	1333940	1333972	1.20e-10	62.1
ciro3545	Lach1	100.000	33	0	0	39	71	1333942	1333974	1.20e-10	62.1
ciro3545	Lach1	100.000	33	0	0	39	71	1333944	1333976	1.20e-10	62.1
ciro3545	Lach1	100.000	33	0	0	39	71	1333946	1333978	1.20e-10	62.1
ciro3545	Lach1	100.000	33	0	0	39	71	1333948	1333980	1.20e-10	62.1
ciro3545	Lach1	100.000	33	0	0	39	71	1333950	1333982	1.20e-10	62.1
ciro3545	Lach1	100.000	33	0	0	39	71	1333952	1333984	1.20e-10	62.1
ciro3545	Lach1	100.000	33	0	0	39	71	1333954	1333986	1.20e-10	62.1
ciro3545	Lach1	100.000	33	0	0	39	71	1333956	1333988	1.20e-10	62.1
ciro3545	Lach1	100.000	33	0	0	39	71	1333958	1333990	1.20e-10	62.1
ciro3545	Lach1	97.297	37	0	1	39	74	1333960	1333996	1.20e-10	62.1
ciro3545	Lach1	100.000	33	0	0	39	71	1415146	1415114	1.20e-10	62.1
ciro3545	Lach1	100.000	33	0	0	39	71	1415148	1415116	1.20e-10	62.1
ciro3545	Lach1	100.000	33	0	0	39	71	1415150	1415118	1.20e-10	62.1
ciro3545	Lach1	100.000	33	0	0	39	71	1415152	1415120	1.20e-10	62.1
ciro3545	Lach1	100.000	33	0	0	39	71	1415154	1415122	1.20e-10	62.1
ciro3545	Lach1	100.000	33	0	0	39	71	1415156	1415124	1.20e-10	62.1
ciro3545	Lach1	100.000	33	0	0	39	71	1415158	1415126	1.20e-10	62.1
ciro3545	Lach1	100.000	33	0	0	39	71	1509700	1509732	1.20e-10	62.1
ciro3545	Lach1	100.000	33	0	0	39	71	1509702	1509734	1.20e-10	62.1
ciro3545	Lach1	100.000	33	0	0	39	71	1511217	1511185	1.20e-10	62.1
ciro3545	Lach1	100.000	33	0	0	39	71	1511219	1511187	1.20e-10	62.1
ciro3545	Lach1	100.000	33	0	0	39	71	1511221	1511189	1.20e-10	62.1
ciro3545	Lach1	100.000	33	0	0	39	71	1511223	1511191	1.20e-10	62.1
ciro3545	Lach1	94.872	39	2	0	31	69	1529816	1529778	1.20e-10	62.1
ciro3545	Lach1	100.000	33	0	0	39	71	1596762	1596730	1.20e-10	62.1
ciro3545	Lach1	100.000	33	0	0	39	71	1627928	1627960	1.20e-10	62.1
ciro3545	Lach1	100.000	33	0	0	39	71	1627930	1627962	1.20e-10	62.1
ciro3545	Lach1	100.000	33	0	0	39	71	1737352	1737320	1.20e-10	62.1
ciro3545	Lach1	100.000	33	0	0	39	71	1737354	1737322	1.20e-10	62.1
ciro3545	Lach1	100.000	33	0	0	39	71	1737356	1737324	1.20e-10	62.1
ciro3545	Lach1	100.000	33	0	0	39	71	1777285	1777317	1.20e-10	62.1
ciro3545	Lach1	100.000	33	0	0	39	71	1777287	1777319	1.20e-10	62.1
ciro3545	Lach1	100.000	33	0	0	39	71	1849836	1849804	1.20e-10	62.1
ciro3545	Lach1	100.000	33	0	0	39	71	1849838	1849806	1.20e-10	62.1
ciro3545	Lach1	100.000	33	0	0	39	71	1849840	1849808	1.20e-10	62.1
ciro3545	Lach1	100.000	33	0	0	39	71	1849842	1849810	1.20e-10	62.1
ciro3545	Lach1	100.000	33	0	0	39	71	1849844	1849812	1.20e-10	62.1
ciro3545	Lach1	100.000	33	0	0	39	71	1849846	1849814	1.20e-10	62.1
ciro3545	Lach1	100.000	33	0	0	39	71	1849848	1849816	1.20e-10	62.1
ciro3545	Lach1	100.000	33	0	0	39	71	1849850	1849818	1.20e-10	62.1
ciro3545	Lach1	91.111	45	4	0	27	71	1905896	1905940	1.20e-10	62.1
ciro3545	Lach1	100.000	33	0	0	39	71	1962054	1962022	1.20e-10	62.1
ciro3545	Lach1	100.000	33	0	0	39	71	1962056	1962024	1.20e-10	62.1
ciro3545	Lach1	100.000	33	0	0	39	71	1962058	1962026	1.20e-10	62.1
ciro3545	Lach1	100.000	33	0	0	39	71	1962060	1962028	1.20e-10	62.1
ciro3545	Lach1	100.000	33	0	0	39	71	1962062	1962030	1.20e-10	62.1
ciro3545	Lach1	100.000	33	0	0	39	71	1962064	1962032	1.20e-10	62.1
ciro3545	Lach1	100.000	33	0	0	39	71	1962066	1962034	1.20e-10	62.1
ciro3545	Lach1	100.000	33	0	0	39	71	1962068	1962036	1.20e-10	62.1
ciro3545	Lach1	100.000	33	0	0	39	71	1987949	1987981	1.20e-10	62.1
ciro3545	Lach1	100.000	33	0	0	39	71	1987951	1987983	1.20e-10	62.1
ciro3545	Lach1	100.000	33	0	0	39	71	1987953	1987985	1.20e-10	62.1
ciro3545	Lach1	100.000	33	0	0	39	71	1987955	1987987	1.20e-10	62.1
ciro3545	Lach1	100.000	33	0	0	39	71	1987957	1987989	1.20e-10	62.1
ciro3545	Lach1	100.000	33	0	0	39	71	1987959	1987991	1.20e-10	62.1
ciro3545	Lach1	100.000	33	0	0	39	71	1987961	1987993	1.20e-10	62.1
ciro3545	Lach1	100.000	33	0	0	39	71	1987963	1987995	1.20e-10	62.1
ciro3545	Lach1	100.000	33	0	0	39	71	1987965	1987997	1.20e-10	62.1
ciro3545	Lach1	100.000	33	0	0	39	71	1987967	1987999	1.20e-10	62.1
ciro3545	Lach1	100.000	33	0	0	39	71	1987969	1988001	1.20e-10	62.1
ciro3545	Lach1	100.000	33	0	0	39	71	2282751	2282783	1.20e-10	62.1
ciro3545	Lach1	100.000	33	0	0	39	71	2282753	2282785	1.20e-10	62.1
ciro3545	Lach1	100.000	33	0	0	39	71	2282755	2282787	1.20e-10	62.1
ciro3545	Lach1	100.000	33	0	0	39	71	2282757	2282789	1.20e-10	62.1
ciro3545	Lach1	100.000	33	0	0	39	71	2350877	2350845	1.20e-10	62.1
ciro3545	Lach1	100.000	33	0	0	39	71	2350879	2350847	1.20e-10	62.1
ciro3545	Lach1	97.297	37	0	1	39	74	2423464	2423500	1.20e-10	62.1
ciro3545	Lach1	97.297	37	0	1	36	72	2465477	2465442	1.20e-10	62.1
ciro3545	Lach1	100.000	33	0	0	39	71	2494790	2494758	1.20e-10	62.1
ciro3545	Lach1	100.000	33	0	0	39	71	2494792	2494760	1.20e-10	62.1
ciro3545	Lach1	100.000	33	0	0	39	71	2494794	2494762	1.20e-10	62.1
ciro3545	Lach1	100.000	33	0	0	39	71	2494796	2494764	1.20e-10	62.1
ciro3545	Lach1	100.000	33	0	0	39	71	2593588	2593556	1.20e-10	62.1
ciro3545	Lach1	100.000	33	0	0	39	71	2593590	2593558	1.20e-10	62.1
ciro3545	Lach1	100.000	33	0	0	39	71	2593592	2593560	1.20e-10	62.1
ciro3545	Lach1	97.297	37	0	1	36	71	2593598	2593562	1.20e-10	62.1
ciro3545	Lach1	100.000	33	0	0	39	71	2676432	2676464	1.20e-10	62.1
ciro3545	Lach1	100.000	33	0	0	39	71	2676434	2676466	1.20e-10	62.1
ciro3545	Lach1	100.000	33	0	0	39	71	2676436	2676468	1.20e-10	62.1
ciro3545	Lach1	100.000	33	0	0	39	71	2676438	2676470	1.20e-10	62.1
ciro3545	Lach1	100.000	33	0	0	39	71	2676440	2676472	1.20e-10	62.1
ciro3545	Lach1	100.000	33	0	0	39	71	2676442	2676474	1.20e-10	62.1
ciro3545	Lach1	100.000	33	0	0	39	71	2676444	2676476	1.20e-10	62.1
ciro3545	Lach1	100.000	33	0	0	39	71	2676446	2676478	1.20e-10	62.1
ciro3545	Lach1	100.000	33	0	0	39	71	2676448	2676480	1.20e-10	62.1
ciro3545	Lach1	100.000	33	0	0	39	71	2768205	2768173	1.20e-10	62.1
ciro3545	Lach1	100.000	33	0	0	39	71	2768207	2768175	1.20e-10	62.1
ciro3545	Lach1	100.000	33	0	0	39	71	2768209	2768177	1.20e-10	62.1
ciro3545	Lach1	100.000	33	0	0	39	71	2768211	2768179	1.20e-10	62.1
ciro3545	Lach1	100.000	33	0	0	39	71	2768213	2768181	1.20e-10	62.1
ciro3545	Lach1	100.000	33	0	0	39	71	2768215	2768183	1.20e-10	62.1
ciro3545	Lach1	100.000	33	0	0	39	71	2768217	2768185	1.20e-10	62.1
ciro3545	Lach1	100.000	33	0	0	39	71	2768219	2768187	1.20e-10	62.1
ciro3545	Lach1	95.000	40	1	1	33	71	2822965	2823004	1.20e-10	62.1
ciro3545	Lach1	100.000	33	0	0	39	71	2822974	2823006	1.20e-10	62.1
ciro3545	Lach1	100.000	33	0	0	39	71	2822976	2823008	1.20e-10	62.1
ciro3545	Lach1	100.000	33	0	0	39	71	2822978	2823010	1.20e-10	62.1
ciro3545	Lach1	100.000	33	0	0	39	71	2822980	2823012	1.20e-10	62.1
ciro3545	Lach1	100.000	33	0	0	39	71	2822982	2823014	1.20e-10	62.1
ciro3545	Lach1	100.000	33	0	0	39	71	2822984	2823016	1.20e-10	62.1
ciro3545	Lach1	100.000	33	0	0	39	71	2822986	2823018	1.20e-10	62.1
ciro3545	Lach1	100.000	33	0	0	39	71	2822988	2823020	1.20e-10	62.1
ciro3545	Lach1	100.000	33	0	0	39	71	2826834	2826802	1.20e-10	62.1
ciro3545	Lach1	100.000	33	0	0	39	71	2898883	2898851	1.20e-10	62.1
ciro3545	Lach1	97.222	36	1	0	39	74	2948348	2948313	1.20e-10	62.1
ciro3545	Lach1	100.000	33	0	0	39	71	2948350	2948318	1.20e-10	62.1
ciro3545	Lach1	100.000	33	0	0	39	71	2948352	2948320	1.20e-10	62.1
ciro3545	Lach1	100.000	33	0	0	39	71	2948354	2948322	1.20e-10	62.1
ciro3545	Lach1	100.000	33	0	0	39	71	2948356	2948324	1.20e-10	62.1
ciro3545	Lach1	100.000	33	0	0	39	71	2948358	2948326	1.20e-10	62.1
ciro3545	Lach1	100.000	33	0	0	39	71	2948360	2948328	1.20e-10	62.1
ciro3545	Lach1	100.000	33	0	0	39	71	2948362	2948330	1.20e-10	62.1
ciro3545	Lach1	100.000	33	0	0	39	71	2948364	2948332	1.20e-10	62.1
ciro3545	Lach1	100.000	33	0	0	39	71	2948366	2948334	1.20e-10	62.1
ciro3545	Lach1	100.000	33	0	0	39	71	2948368	2948336	1.20e-10	62.1
ciro3545	Lach1	100.000	33	0	0	39	71	2948370	2948338	1.20e-10	62.1
ciro3545	Lach1	100.000	33	0	0	39	71	2948372	2948340	1.20e-10	62.1
ciro3545	Lach1	100.000	33	0	0	39	71	2948374	2948342	1.20e-10	62.1
ciro3545	Lach1	100.000	33	0	0	39	71	2948376	2948344	1.20e-10	62.1
ciro3545	Lach1	100.000	33	0	0	39	71	2948378	2948346	1.20e-10	62.1
ciro3545	Lach1	91.111	45	4	0	27	71	2956270	2956314	1.20e-10	62.1
ciro3545	Lach1	100.000	33	0	0	39	71	2956284	2956316	1.20e-10	62.1
ciro3545	Lach1	100.000	33	0	0	39	71	2956286	2956318	1.20e-10	62.1
ciro3545	Lach1	100.000	33	0	0	39	71	2956610	2956642	1.20e-10	62.1
ciro3545	Lach1	100.000	33	0	0	39	71	2956612	2956644	1.20e-10	62.1
ciro3545	Lach1	100.000	33	0	0	39	71	2956614	2956646	1.20e-10	62.1
ciro3545	Lach1	100.000	33	0	0	39	71	2991171	2991203	1.20e-10	62.1
ciro3545	Lach1	100.000	33	0	0	39	71	2991173	2991205	1.20e-10	62.1
ciro3545	Lach1	100.000	33	0	0	39	71	2991175	2991207	1.20e-10	62.1
ciro3545	Lach1	100.000	33	0	0	39	71	2991177	2991209	1.20e-10	62.1
ciro3545	Lach1	93.023	43	2	1	30	71	3448154	3448196	1.20e-10	62.1
ciro3545	Lach1	100.000	33	0	0	39	71	3448166	3448198	1.20e-10	62.1
ciro3545	Lach1	100.000	33	0	0	39	71	3448168	3448200	1.20e-10	62.1
ciro3545	Lach1	100.000	33	0	0	39	71	3524710	3524742	1.20e-10	62.1
ciro3545	Lach1	100.000	33	0	0	39	71	3591945	3591913	1.20e-10	62.1
ciro3545	Lach1	100.000	33	0	0	39	71	3591947	3591915	1.20e-10	62.1
ciro3545	Lach1	100.000	33	0	0	39	71	3592587	3592619	1.20e-10	62.1
ciro3545	Lach1	100.000	33	0	0	39	71	3596298	3596330	1.20e-10	62.1
ciro3545	Lach1	100.000	33	0	0	39	71	3596300	3596332	1.20e-10	62.1
ciro3545	Lach1	100.000	33	0	0	39	71	3596302	3596334	1.20e-10	62.1
ciro3545	Lach1	100.000	33	0	0	39	71	3596304	3596336	1.20e-10	62.1
ciro3545	Lach1	100.000	33	0	0	39	71	3596306	3596338	1.20e-10	62.1
ciro3545	Lach1	100.000	33	0	0	39	71	3596308	3596340	1.20e-10	62.1
ciro3545	Lach1	95.000	40	1	1	39	77	3653248	3653209	1.20e-10	62.1
ciro3545	Lach1	95.000	40	0	2	39	76	3653250	3653211	1.20e-10	62.1
ciro3545	Lach1	100.000	33	0	0	39	71	3653252	3653220	1.20e-10	62.1
ciro3545	Lach1	100.000	33	0	0	39	71	3658758	3658790	1.20e-10	62.1
ciro3545	Lach1	100.000	33	0	0	39	71	3658760	3658792	1.20e-10	62.1
ciro3545	Lach1	100.000	33	0	0	39	71	3658762	3658794	1.20e-10	62.1
ciro3545	Lach1	100.000	33	0	0	39	71	3658764	3658796	1.20e-10	62.1
ciro3545	Lach1	100.000	33	0	0	39	71	3658766	3658798	1.20e-10	62.1
ciro3545	Lach1	100.000	33	0	0	39	71	3658768	3658800	1.20e-10	62.1
ciro3545	Lach1	100.000	33	0	0	39	71	3658770	3658802	1.20e-10	62.1
ciro3545	Lach1	100.000	33	0	0	39	71	3658772	3658804	1.20e-10	62.1
ciro3545	Lach1	100.000	33	0	0	39	71	3658774	3658806	1.20e-10	62.1
ciro3545	Lach1	87.037	54	7	0	18	71	3753387	3753440	1.20e-10	62.1
ciro3545	Lach1	94.872	39	2	0	33	71	3753396	3753434	1.20e-10	62.1
ciro3545	Lach1	100.000	33	0	0	39	71	3753410	3753442	1.20e-10	62.1
ciro3545	Lach1	100.000	33	0	0	39	71	3753412	3753444	1.20e-10	62.1
ciro3545	Lach1	100.000	33	0	0	39	71	3753414	3753446	1.20e-10	62.1
ciro3545	Lach1	100.000	33	0	0	39	71	3753416	3753448	1.20e-10	62.1
ciro3545	Lach1	100.000	33	0	0	39	71	3829844	3829812	1.20e-10	62.1
ciro3545	Lach1	100.000	33	0	0	39	71	3829846	3829814	1.20e-10	62.1
ciro3545	Lach1	100.000	33	0	0	39	71	3829848	3829816	1.20e-10	62.1
ciro3545	Lach1	100.000	33	0	0	39	71	3829850	3829818	1.20e-10	62.1
ciro3545	Lach1	100.000	33	0	0	39	71	3829852	3829820	1.20e-10	62.1
ciro3545	Lach1	100.000	33	0	0	39	71	3829854	3829822	1.20e-10	62.1
ciro3545	Lach1	100.000	33	0	0	39	71	3829856	3829824	1.20e-10	62.1
ciro3545	Lach1	100.000	33	0	0	39	71	3829858	3829826	1.20e-10	62.1
ciro3545	Lach1	100.000	33	0	0	39	71	3829860	3829828	1.20e-10	62.1
ciro3545	Lach1	100.000	33	0	0	39	71	3829862	3829830	1.20e-10	62.1
ciro3545	Lach1	97.222	36	1	0	36	71	3935600	3935635	1.20e-10	62.1
ciro3545	Lach1	100.000	33	0	0	39	71	3935605	3935637	1.20e-10	62.1
ciro3545	Lach1	100.000	33	0	0	39	71	3935607	3935639	1.20e-10	62.1
ciro3545	Lach1	100.000	33	0	0	39	71	3935609	3935641	1.20e-10	62.1
ciro3545	Lach1	100.000	33	0	0	39	71	3935611	3935643	1.20e-10	62.1
ciro3545	Lach1	100.000	33	0	0	39	71	3935613	3935645	1.20e-10	62.1
ciro3545	Lach1	100.000	33	0	0	39	71	3935615	3935647	1.20e-10	62.1
ciro3545	Lach1	100.000	33	0	0	39	71	3935617	3935649	1.20e-10	62.1
ciro3545	Lach1	100.000	33	0	0	39	71	3935619	3935651	1.20e-10	62.1
ciro3545	Lach1	100.000	33	0	0	39	71	3935621	3935653	1.20e-10	62.1
ciro3545	Lach1	100.000	33	0	0	39	71	3935623	3935655	1.20e-10	62.1
ciro3545	Lach1	100.000	33	0	0	39	71	3935625	3935657	1.20e-10	62.1
ciro3545	Lach1	100.000	33	0	0	39	71	3935627	3935659	1.20e-10	62.1
ciro3545	Lach1	100.000	33	0	0	39	71	3939379	3939347	1.20e-10	62.1
ciro3545	Lach1	100.000	33	0	0	39	71	3939381	3939349	1.20e-10	62.1
ciro3545	Lach1	100.000	33	0	0	39	71	3939383	3939351	1.20e-10	62.1
ciro3545	Lach1	100.000	33	0	0	39	71	3939385	3939353	1.20e-10	62.1
ciro3545	Lach1	100.000	33	0	0	39	71	3939387	3939355	1.20e-10	62.1
ciro3545	Lach1	100.000	33	0	0	39	71	3939389	3939357	1.20e-10	62.1
ciro3545	Lach1	100.000	33	0	0	39	71	3939391	3939359	1.20e-10	62.1
ciro3545	Lach1	100.000	33	0	0	39	71	3939393	3939361	1.20e-10	62.1
ciro3545	Lach1	100.000	33	0	0	39	71	3939395	3939363	1.20e-10	62.1
ciro3545	Lach1	100.000	33	0	0	39	71	3939397	3939365	1.20e-10	62.1
ciro3545	Lach1	100.000	33	0	0	39	71	3939399	3939367	1.20e-10	62.1
ciro3545	Lach1	100.000	33	0	0	39	71	3939401	3939369	1.20e-10	62.1
ciro3545	Lach1	100.000	33	0	0	39	71	3939403	3939371	1.20e-10	62.1
ciro3545	Lach1	100.000	33	0	0	39	71	3939405	3939373	1.20e-10	62.1
ciro3545	Lach1	100.000	33	0	0	39	71	3939407	3939375	1.20e-10	62.1
ciro3545	Lach1	100.000	33	0	0	39	71	3939577	3939545	1.20e-10	62.1
ciro3545	Lach1	100.000	33	0	0	39	71	3939579	3939547	1.20e-10	62.1
ciro3545	Lach1	100.000	33	0	0	39	71	3939581	3939549	1.20e-10	62.1
ciro3545	Lach1	100.000	33	0	0	39	71	3939583	3939551	1.20e-10	62.1
ciro3545	Lach1	100.000	33	0	0	39	71	3939585	3939553	1.20e-10	62.1
ciro3545	Lach1	100.000	33	0	0	39	71	3939587	3939555	1.20e-10	62.1
ciro3545	Lach1	100.000	33	0	0	39	71	3939589	3939557	1.20e-10	62.1
ciro3545	Lach1	100.000	33	0	0	39	71	3939591	3939559	1.20e-10	62.1
ciro3545	Lach1	100.000	33	0	0	39	71	3939593	3939561	1.20e-10	62.1
ciro3545	Lach1	100.000	33	0	0	39	71	3939595	3939563	1.20e-10	62.1
ciro3545	Lach1	100.000	33	0	0	39	71	3939597	3939565	1.20e-10	62.1
ciro3545	Lach1	100.000	33	0	0	39	71	3968396	3968364	1.20e-10	62.1
ciro3545	Lach1	100.000	33	0	0	39	71	3968398	3968366	1.20e-10	62.1
ciro3545	Lach1	100.000	33	0	0	39	71	3968400	3968368	1.20e-10	62.1
ciro3545	Lach1	100.000	33	0	0	39	71	3968402	3968370	1.20e-10	62.1
ciro3545	Lach1	100.000	33	0	0	39	71	4049127	4049159	1.20e-10	62.1
ciro3545	Lach1	100.000	33	0	0	39	71	4049129	4049161	1.20e-10	62.1
ciro3545	Lach1	100.000	33	0	0	39	71	4049131	4049163	1.20e-10	62.1
ciro3545	Lach1	100.000	33	0	0	39	71	4049133	4049165	1.20e-10	62.1
ciro3545	Lach1	100.000	33	0	0	39	71	4049135	4049167	1.20e-10	62.1
ciro3545	Lach1	100.000	33	0	0	39	71	4049137	4049169	1.20e-10	62.1
ciro3545	Lach1	100.000	33	0	0	39	71	4049139	4049171	1.20e-10	62.1
ciro3545	Lach1	100.000	33	0	0	39	71	4049141	4049173	1.20e-10	62.1
ciro3545	Lach1	100.000	33	0	0	39	71	4049143	4049175	1.20e-10	62.1
ciro3545	Lach1	100.000	33	0	0	39	71	4082648	4082680	1.20e-10	62.1
ciro3545	Lach1	100.000	33	0	0	39	71	4082650	4082682	1.20e-10	62.1
ciro3545	Lach1	100.000	33	0	0	39	71	4082652	4082684	1.20e-10	62.1
ciro3545	Lach1	100.000	33	0	0	39	71	4082654	4082686	1.20e-10	62.1
ciro3545	Lach1	100.000	33	0	0	39	71	4082656	4082688	1.20e-10	62.1
ciro3545	Lach1	100.000	33	0	0	39	71	4082658	4082690	1.20e-10	62.1
ciro3545	Lach1	100.000	33	0	0	39	71	4082660	4082692	1.20e-10	62.1
ciro3545	Lach1	100.000	33	0	0	39	71	4082662	4082694	1.20e-10	62.1
ciro3545	Lach1	100.000	33	0	0	39	71	4082664	4082696	1.20e-10	62.1
ciro3545	Lach1	100.000	33	0	0	39	71	4082666	4082698	1.20e-10	62.1
ciro3545	Lach1	100.000	33	0	0	39	71	4082668	4082700	1.20e-10	62.1
ciro3545	Lach1	100.000	33	0	0	39	71	4082670	4082702	1.20e-10	62.1
ciro3545	Lach1	100.000	33	0	0	39	71	4082672	4082704	1.20e-10	62.1
ciro3545	Lach1	100.000	33	0	0	39	71	4082674	4082706	1.20e-10	62.1
ciro3545	Lach1	97.297	37	0	1	39	74	4082676	4082712	1.20e-10	62.1
ciro3545	Lach1	100.000	33	0	0	39	71	4219554	4219586	1.20e-10	62.1
ciro3545	Lach1	100.000	33	0	0	39	71	4262322	4262290	1.20e-10	62.1
ciro3545	Lach1	100.000	33	0	0	39	71	4262324	4262292	1.20e-10	62.1
ciro3545	Lach1	100.000	33	0	0	39	71	4262326	4262294	1.20e-10	62.1
ciro3545	Lach1	100.000	33	0	0	39	71	4262328	4262296	1.20e-10	62.1
ciro3545	Lach1	100.000	33	0	0	39	71	4262330	4262298	1.20e-10	62.1
ciro3545	Lach1	100.000	33	0	0	39	71	4262332	4262300	1.20e-10	62.1
ciro3545	Lach1	100.000	33	0	0	39	71	4262334	4262302	1.20e-10	62.1
ciro3545	Lach1	100.000	33	0	0	39	71	4262336	4262304	1.20e-10	62.1
ciro3545	Lach1	100.000	33	0	0	39	71	4262338	4262306	1.20e-10	62.1
ciro3545	Lach1	100.000	33	0	0	39	71	4262340	4262308	1.20e-10	62.1
ciro3545	Lach1	100.000	33	0	0	39	71	4262342	4262310	1.20e-10	62.1
ciro3545	Lach1	100.000	33	0	0	39	71	4262344	4262312	1.20e-10	62.1
ciro3545	Lach1	91.489	47	1	3	25	71	4262357	4262314	1.20e-10	62.1
ciro3545	Lach1	100.000	33	0	0	39	71	4299540	4299572	1.20e-10	62.1
ciro3545	Lach1	100.000	33	0	0	39	71	4299542	4299574	1.20e-10	62.1
ciro3545	Lach1	100.000	33	0	0	39	71	4299544	4299576	1.20e-10	62.1
ciro3545	Lach1	100.000	33	0	0	39	71	4301942	4301910	1.20e-10	62.1
ciro3545	Lach1	100.000	33	0	0	39	71	4301944	4301912	1.20e-10	62.1
ciro3545	Lach1	100.000	33	0	0	39	71	4301946	4301914	1.20e-10	62.1
ciro3545	Lach1	100.000	33	0	0	39	71	4301948	4301916	1.20e-10	62.1
ciro3545	Lach1	100.000	33	0	0	39	71	4301950	4301918	1.20e-10	62.1
ciro3545	Lach1	100.000	33	0	0	39	71	4325182	4325150	1.20e-10	62.1
ciro3545	Lach1	100.000	33	0	0	39	71	4325184	4325152	1.20e-10	62.1
ciro3545	Lach1	100.000	33	0	0	39	71	4325186	4325154	1.20e-10	62.1
ciro3545	Lach1	100.000	33	0	0	39	71	4325188	4325156	1.20e-10	62.1
ciro3545	Lach1	100.000	33	0	0	39	71	4325190	4325158	1.20e-10	62.1
ciro3545	Lach1	100.000	33	0	0	39	71	4325192	4325160	1.20e-10	62.1
ciro3545	Lach1	100.000	33	0	0	39	71	4325194	4325162	1.20e-10	62.1
ciro3545	Lach1	100.000	33	0	0	39	71	4325196	4325164	1.20e-10	62.1
ciro3545	Lach1	100.000	33	0	0	39	71	4325198	4325166	1.20e-10	62.1
ciro3545	Lach1	100.000	33	0	0	39	71	4325200	4325168	1.20e-10	62.1
ciro3545	Lach1	100.000	33	0	0	39	71	4325202	4325170	1.20e-10	62.1
ciro3545	Lach1	100.000	33	0	0	39	71	4325204	4325172	1.20e-10	62.1
ciro3545	Lach1	100.000	33	0	0	39	71	4325206	4325174	1.20e-10	62.1
ciro3545	Lach1	100.000	33	0	0	39	71	4325208	4325176	1.20e-10	62.1
ciro3545	Lach1	100.000	33	0	0	39	71	4325210	4325178	1.20e-10	62.1
ciro3545	Lach1	100.000	33	0	0	39	71	4325212	4325180	1.20e-10	62.1
ciro3545	Lach1	100.000	33	0	0	39	71	4325214	4325182	1.20e-10	62.1
ciro3545	Lach1	100.000	33	0	0	39	71	4325216	4325184	1.20e-10	62.1
ciro3545	Lach1	100.000	33	0	0	39	71	4325218	4325186	1.20e-10	62.1
ciro3545	Lach1	100.000	33	0	0	39	71	4342415	4342447	1.20e-10	62.1
ciro3545	Lach1	100.000	33	0	0	39	71	4342417	4342449	1.20e-10	62.1
ciro3545	Lach1	100.000	33	0	0	39	71	4342419	4342451	1.20e-10	62.1
ciro3545	Lach1	100.000	33	0	0	39	71	4342421	4342453	1.20e-10	62.1
ciro3545	Lach1	100.000	33	0	0	39	71	4342423	4342455	1.20e-10	62.1
ciro3545	Lach1	100.000	33	0	0	39	71	4342425	4342457	1.20e-10	62.1
ciro3545	Lach1	100.000	33	0	0	39	71	4342427	4342459	1.20e-10	62.1
ciro3545	Lach1	100.000	33	0	0	39	71	4342429	4342461	1.20e-10	62.1
ciro3545	Lach1	100.000	33	0	0	39	71	4342431	4342463	1.20e-10	62.1
ciro3545	Lach1	100.000	33	0	0	39	71	4406490	4406458	1.20e-10	62.1
ciro3545	Lach1	100.000	33	0	0	39	71	4406492	4406460	1.20e-10	62.1
ciro3545	Lach1	100.000	33	0	0	39	71	4406494	4406462	1.20e-10	62.1
ciro3545	Lach1	100.000	33	0	0	39	71	4453903	4453935	1.20e-10	62.1
ciro3545	Lach1	100.000	33	0	0	39	71	4453905	4453937	1.20e-10	62.1
ciro3545	Lach1	100.000	33	0	0	39	71	4453907	4453939	1.20e-10	62.1
ciro3545	Lach1	100.000	33	0	0	39	71	4453909	4453941	1.20e-10	62.1
ciro3545	Lach1	100.000	33	0	0	39	71	4470961	4470993	1.20e-10	62.1
ciro3545	Lach1	100.000	33	0	0	39	71	4542386	4542354	1.20e-10	62.1
ciro3545	Lach1	100.000	33	0	0	39	71	4542388	4542356	1.20e-10	62.1
ciro3545	Lach1	100.000	33	0	0	39	71	4589055	4589087	1.20e-10	62.1
ciro3545	Lach1	100.000	33	0	0	39	71	4589057	4589089	1.20e-10	62.1
ciro3545	Lach1	100.000	33	0	0	39	71	4589059	4589091	1.20e-10	62.1
ciro3545	Lach1	100.000	33	0	0	39	71	4589061	4589093	1.20e-10	62.1
ciro3545	Lach1	100.000	33	0	0	39	71	4641218	4641250	1.20e-10	62.1
ciro3545	Lach1	100.000	33	0	0	39	71	4641220	4641252	1.20e-10	62.1
ciro3545	Lach1	100.000	33	0	0	39	71	4641222	4641254	1.20e-10	62.1
ciro3545	Lach1	100.000	33	0	0	39	71	4641224	4641256	1.20e-10	62.1
ciro3545	Lach1	100.000	33	0	0	39	71	4641226	4641258	1.20e-10	62.1
ciro3545	Lach1	100.000	33	0	0	39	71	4641228	4641260	1.20e-10	62.1
ciro3545	Lach1	100.000	33	0	0	39	71	4768603	4768571	1.20e-10	62.1
ciro3545	Lach1	100.000	33	0	0	39	71	4768605	4768573	1.20e-10	62.1
ciro3545	Lach1	100.000	33	0	0	39	71	4768607	4768575	1.20e-10	62.1
ciro3545	Lach1	97.222	36	1	0	36	71	5076398	5076433	1.20e-10	62.1
ciro3545	Lach1	100.000	33	0	0	39	71	5076403	5076435	1.20e-10	62.1
ciro3545	Lach1	100.000	33	0	0	39	71	5076405	5076437	1.20e-10	62.1
ciro3545	Lach1	100.000	33	0	0	39	71	5076407	5076439	1.20e-10	62.1
ciro3545	Lach1	100.000	33	0	0	39	71	5076409	5076441	1.20e-10	62.1
ciro3545	Lach1	100.000	33	0	0	39	71	5076411	5076443	1.20e-10	62.1
ciro3545	Lach1	100.000	33	0	0	39	71	5076413	5076445	1.20e-10	62.1
ciro3545	Lach1	100.000	33	0	0	39	71	5076415	5076447	1.20e-10	62.1
ciro3545	Lach1	100.000	33	0	0	39	71	5076417	5076449	1.20e-10	62.1
ciro3545	Lach1	100.000	33	0	0	39	71	5126656	5126688	1.20e-10	62.1
ciro3545	Lach1	100.000	33	0	0	39	71	5126658	5126690	1.20e-10	62.1
ciro3545	Lach1	100.000	33	0	0	39	71	5126660	5126692	1.20e-10	62.1
ciro3545	Lach1	100.000	33	0	0	39	71	5126662	5126694	1.20e-10	62.1
ciro3545	Lach1	100.000	33	0	0	39	71	5126664	5126696	1.20e-10	62.1
ciro3545	Lach1	100.000	33	0	0	39	71	5126666	5126698	1.20e-10	62.1
ciro3545	Lach1	97.222	36	1	0	36	71	5145196	5145231	1.20e-10	62.1
ciro3545	Lach1	100.000	33	0	0	39	71	5145201	5145233	1.20e-10	62.1
ciro3545	Lach1	100.000	33	0	0	39	71	5145203	5145235	1.20e-10	62.1
ciro3545	Lach1	100.000	33	0	0	39	71	5145205	5145237	1.20e-10	62.1
ciro3545	Lach1	100.000	33	0	0	39	71	5145207	5145239	1.20e-10	62.1
ciro3545	Lach1	100.000	33	0	0	39	71	5145209	5145241	1.20e-10	62.1
ciro3545	Lach1	100.000	33	0	0	39	71	5310503	5310535	1.20e-10	62.1
ciro3545	Lach1	100.000	33	0	0	39	71	5310505	5310537	1.20e-10	62.1
ciro3545	Lach1	100.000	33	0	0	39	71	5310507	5310539	1.20e-10	62.1
ciro3545	Lach1	100.000	33	0	0	39	71	5334725	5334757	1.20e-10	62.1
ciro3545	Lach1	100.000	33	0	0	39	71	5334727	5334759	1.20e-10	62.1
ciro3545	Lach1	100.000	33	0	0	39	71	5334729	5334761	1.20e-10	62.1
ciro3545	Lach1	100.000	33	0	0	39	71	5334731	5334763	1.20e-10	62.1
ciro3545	Lach1	100.000	33	0	0	39	71	5334733	5334765	1.20e-10	62.1
ciro3545	Lach1	100.000	33	0	0	39	71	5334735	5334767	1.20e-10	62.1
ciro3545	Lach1	100.000	33	0	0	39	71	5334737	5334769	1.20e-10	62.1
ciro3545	Lach1	100.000	33	0	0	39	71	5334739	5334771	1.20e-10	62.1
ciro3545	Lach1	100.000	33	0	0	39	71	5424874	5424906	1.20e-10	62.1
ciro3545	Lach1	100.000	33	0	0	39	71	5424876	5424908	1.20e-10	62.1
ciro3545	Lach1	100.000	33	0	0	39	71	5424878	5424910	1.20e-10	62.1
ciro3545	Lach1	100.000	33	0	0	39	71	5424880	5424912	1.20e-10	62.1
ciro3545	Lach1	100.000	33	0	0	39	71	5424882	5424914	1.20e-10	62.1
ciro3545	Lach1	100.000	33	0	0	39	71	5424884	5424916	1.20e-10	62.1
ciro3545	Lach1	100.000	33	0	0	39	71	5424886	5424918	1.20e-10	62.1
ciro3545	Lach1	100.000	33	0	0	39	71	5424888	5424920	1.20e-10	62.1
ciro3545	Lach1	100.000	33	0	0	39	71	5424890	5424922	1.20e-10	62.1
ciro3545	Lach1	100.000	33	0	0	39	71	5424892	5424924	1.20e-10	62.1
ciro3545	Lach1	100.000	33	0	0	39	71	5424894	5424926	1.20e-10	62.1
ciro3545	Lach1	100.000	33	0	0	39	71	5424896	5424928	1.20e-10	62.1
ciro3545	Lach1	100.000	33	0	0	39	71	5424898	5424930	1.20e-10	62.1
ciro3545	Lach1	100.000	33	0	0	39	71	5424900	5424932	1.20e-10	62.1
ciro3545	Lach1	97.222	36	1	0	36	71	5455773	5455808	1.20e-10	62.1
ciro3545	Lach1	100.000	33	0	0	39	71	5455778	5455810	1.20e-10	62.1
ciro3545	Lach1	100.000	33	0	0	39	71	5455780	5455812	1.20e-10	62.1
ciro3545	Lach1	100.000	33	0	0	39	71	5455782	5455814	1.20e-10	62.1
ciro3545	Lach1	100.000	33	0	0	39	71	5455784	5455816	1.20e-10	62.1
ciro3545	Lach1	100.000	33	0	0	39	71	5455786	5455818	1.20e-10	62.1
ciro3545	Lach1	100.000	33	0	0	39	71	5455788	5455820	1.20e-10	62.1
ciro3545	Lach1	100.000	33	0	0	39	71	5455790	5455822	1.20e-10	62.1
ciro3545	Lach1	100.000	33	0	0	39	71	5455792	5455824	1.20e-10	62.1
ciro3545	Lach1	100.000	33	0	0	39	71	5455794	5455826	1.20e-10	62.1
ciro3545	Lach1	100.000	33	0	0	39	71	5455796	5455828	1.20e-10	62.1
ciro3545	Lach1	100.000	33	0	0	39	71	5455798	5455830	1.20e-10	62.1
ciro3545	Lach1	100.000	33	0	0	39	71	5455800	5455832	1.20e-10	62.1
ciro3545	Lach1	100.000	33	0	0	39	71	5455802	5455834	1.20e-10	62.1
ciro3545	Lach1	100.000	33	0	0	39	71	5455804	5455836	1.20e-10	62.1
ciro3545	Lach1	100.000	33	0	0	39	71	5455806	5455838	1.20e-10	62.1
ciro3545	Lach1	100.000	33	0	0	39	71	5455808	5455840	1.20e-10	62.1
ciro3545	Lach1	100.000	33	0	0	39	71	5455810	5455842	1.20e-10	62.1
ciro3545	Lach1	100.000	33	0	0	39	71	5460596	5460564	1.20e-10	62.1
ciro3545	Lach1	100.000	33	0	0	39	71	5460598	5460566	1.20e-10	62.1
ciro3545	Lach1	100.000	33	0	0	39	71	5460600	5460568	1.20e-10	62.1
ciro3545	Lach1	100.000	33	0	0	39	71	5460602	5460570	1.20e-10	62.1
ciro3545	Lach1	100.000	33	0	0	39	71	5460604	5460572	1.20e-10	62.1
ciro3545	Lach1	100.000	33	0	0	39	71	5460606	5460574	1.20e-10	62.1
ciro3545	Lach1	100.000	33	0	0	39	71	5506102	5506070	1.20e-10	62.1
ciro3545	Lach1	100.000	33	0	0	39	71	5506104	5506072	1.20e-10	62.1
ciro3545	Lach1	100.000	33	0	0	39	71	5506106	5506074	1.20e-10	62.1
ciro3545	Lach1	100.000	33	0	0	39	71	5506108	5506076	1.20e-10	62.1
ciro3545	Lach1	100.000	33	0	0	39	71	5506110	5506078	1.20e-10	62.1
ciro3545	Lach1	100.000	33	0	0	39	71	5506112	5506080	1.20e-10	62.1
ciro3545	Lach1	100.000	33	0	0	39	71	5506114	5506082	1.20e-10	62.1
ciro3545	Lach1	100.000	33	0	0	39	71	5506116	5506084	1.20e-10	62.1
ciro3545	Lach1	100.000	33	0	0	39	71	5506118	5506086	1.20e-10	62.1
ciro3545	Lach1	100.000	33	0	0	39	71	5506120	5506088	1.20e-10	62.1
ciro3545	Lach1	100.000	33	0	0	39	71	5506122	5506090	1.20e-10	62.1
ciro3545	Lach1	100.000	33	0	0	39	71	5506124	5506092	1.20e-10	62.1
ciro3545	Lach1	100.000	33	0	0	39	71	5506126	5506094	1.20e-10	62.1
ciro3545	Lach1	100.000	33	0	0	39	71	5508599	5508631	1.20e-10	62.1
ciro3545	Lach1	100.000	33	0	0	39	71	5508601	5508633	1.20e-10	62.1
ciro3545	Lach1	100.000	33	0	0	39	71	5508603	5508635	1.20e-10	62.1
ciro3545	Lach1	100.000	33	0	0	39	71	5508605	5508637	1.20e-10	62.1
ciro3545	Lach1	100.000	33	0	0	39	71	5508607	5508639	1.20e-10	62.1
ciro3545	Lach1	100.000	33	0	0	39	71	5508609	5508641	1.20e-10	62.1
ciro3545	Lach1	100.000	33	0	0	39	71	5508611	5508643	1.20e-10	62.1
ciro3545	Lach1	100.000	33	0	0	39	71	5508613	5508645	1.20e-10	62.1
ciro3545	Lach1	100.000	33	0	0	39	71	5508615	5508647	1.20e-10	62.1
ciro3545	Lach1	100.000	33	0	0	39	71	5510356	5510324	1.20e-10	62.1
ciro3545	Lach1	100.000	33	0	0	39	71	5510358	5510326	1.20e-10	62.1
ciro3545	Lach1	100.000	33	0	0	39	71	5510360	5510328	1.20e-10	62.1
ciro3545	Lach1	100.000	33	0	0	39	71	5510362	5510330	1.20e-10	62.1
ciro3545	Lach1	100.000	33	0	0	39	71	5510364	5510332	1.20e-10	62.1
ciro3545	Lach1	100.000	33	0	0	39	71	5562849	5562881	1.20e-10	62.1
ciro3545	Lach1	100.000	33	0	0	39	71	5562851	5562883	1.20e-10	62.1
ciro3545	Lach1	100.000	33	0	0	39	71	5562853	5562885	1.20e-10	62.1
ciro3545	Lach1	100.000	33	0	0	39	71	5562855	5562887	1.20e-10	62.1
ciro3545	Lach1	100.000	33	0	0	39	71	5562857	5562889	1.20e-10	62.1
ciro3545	Lach1	100.000	33	0	0	39	71	5562859	5562891	1.20e-10	62.1
ciro3545	Lach1	100.000	33	0	0	39	71	5562861	5562893	1.20e-10	62.1
ciro3545	Lach1	100.000	33	0	0	39	71	5562863	5562895	1.20e-10	62.1
ciro3545	Lach1	100.000	33	0	0	39	71	5562865	5562897	1.20e-10	62.1
ciro3545	Lach1	100.000	33	0	0	39	71	5562867	5562899	1.20e-10	62.1
ciro3545	Lach1	100.000	33	0	0	39	71	5562869	5562901	1.20e-10	62.1
ciro3545	Lach1	100.000	33	0	0	39	71	5562871	5562903	1.20e-10	62.1
ciro3545	Lach1	100.000	33	0	0	39	71	5562873	5562905	1.20e-10	62.1
ciro3545	Lach1	100.000	33	0	0	39	71	5689922	5689954	1.20e-10	62.1
ciro3545	Lach1	100.000	33	0	0	39	71	5689924	5689956	1.20e-10	62.1
ciro3545	Lach1	100.000	33	0	0	39	71	5689926	5689958	1.20e-10	62.1
ciro3545	Lach1	100.000	33	0	0	39	71	5689928	5689960	1.20e-10	62.1
ciro3545	Lach1	100.000	33	0	0	39	71	5689930	5689962	1.20e-10	62.1
ciro3545	Lach1	100.000	33	0	0	39	71	5689932	5689964	1.20e-10	62.1
ciro3545	Lach1	100.000	33	0	0	39	71	5689934	5689966	1.20e-10	62.1
ciro3545	Lach1	100.000	33	0	0	39	71	5812778	5812810	1.20e-10	62.1
ciro3545	Lach1	100.000	33	0	0	39	71	5812780	5812812	1.20e-10	62.1
ciro3545	Lach1	100.000	33	0	0	39	71	5812782	5812814	1.20e-10	62.1
ciro3545	Lach1	100.000	33	0	0	39	71	5812784	5812816	1.20e-10	62.1
ciro3545	Lach1	100.000	33	0	0	39	71	5871853	5871821	1.20e-10	62.1
ciro3545	Lach1	100.000	33	0	0	39	71	5871855	5871823	1.20e-10	62.1
ciro3545	Lach1	100.000	33	0	0	39	71	5871857	5871825	1.20e-10	62.1
ciro3545	Lach1	100.000	33	0	0	39	71	5871859	5871827	1.20e-10	62.1
ciro3545	Lach1	100.000	33	0	0	39	71	5871861	5871829	1.20e-10	62.1
ciro3545	Lach1	100.000	32	0	0	39	70	116141	116110	4.32e-10	60.2
ciro3545	Lach1	94.872	39	0	2	34	71	122410	122447	4.32e-10	60.2
ciro3545	Lach1	100.000	32	0	0	40	71	223581	223550	4.32e-10	60.2
ciro3545	Lach1	100.000	32	0	0	39	70	270862	270831	4.32e-10	60.2
ciro3545	Lach1	100.000	32	0	0	40	71	275740	275771	4.32e-10	60.2
ciro3545	Lach1	100.000	32	0	0	39	70	299004	299035	4.32e-10	60.2
ciro3545	Lach1	100.000	32	0	0	39	70	437084	437053	4.32e-10	60.2
ciro3545	Lach1	97.143	35	1	0	36	70	442780	442814	4.32e-10	60.2
ciro3545	Lach1	100.000	32	0	0	39	70	578288	578257	4.32e-10	60.2
ciro3545	Lach1	100.000	32	0	0	40	71	578297	578266	4.32e-10	60.2
ciro3545	Lach1	100.000	32	0	0	40	71	596944	596913	4.32e-10	60.2
ciro3545	Lach1	100.000	32	0	0	39	70	677159	677128	4.32e-10	60.2
ciro3545	Lach1	100.000	32	0	0	39	70	679130	679099	4.32e-10	60.2
ciro3545	Lach1	100.000	32	0	0	39	70	744662	744693	4.32e-10	60.2
ciro3545	Lach1	100.000	32	0	0	40	71	934221	934252	4.32e-10	60.2
ciro3545	Lach1	100.000	32	0	0	39	70	980880	980849	4.32e-10	60.2
ciro3545	Lach1	100.000	32	0	0	40	71	1071138	1071107	4.32e-10	60.2
ciro3545	Lach1	100.000	32	0	0	39	70	1149458	1149489	4.32e-10	60.2
ciro3545	Lach1	100.000	32	0	0	40	71	1255605	1255636	4.32e-10	60.2
ciro3545	Lach1	100.000	32	0	0	39	70	1255632	1255663	4.32e-10	60.2
ciro3545	Lach1	100.000	32	0	0	39	70	1256405	1256374	4.32e-10	60.2
ciro3545	Lach1	100.000	32	0	0	41	72	1282333	1282302	4.32e-10	60.2
ciro3545	Lach1	100.000	32	0	0	39	70	1287655	1287624	4.32e-10	60.2
ciro3545	Lach1	100.000	32	0	0	40	71	1287656	1287625	4.32e-10	60.2
ciro3545	Lach1	92.683	41	3	0	39	79	1299149	1299109	4.32e-10	60.2
ciro3545	Lach1	100.000	32	0	0	40	71	1333939	1333970	4.32e-10	60.2
ciro3545	Lach1	100.000	32	0	0	39	70	1415144	1415113	4.32e-10	60.2
ciro3545	Lach1	100.000	32	0	0	40	71	1415159	1415128	4.32e-10	60.2
ciro3545	Lach1	100.000	32	0	0	40	71	1509699	1509730	4.32e-10	60.2
ciro3545	Lach1	100.000	32	0	0	39	70	1509704	1509735	4.32e-10	60.2
ciro3545	Lach1	100.000	32	0	0	39	70	1511215	1511184	4.32e-10	60.2
ciro3545	Lach1	100.000	32	0	0	40	71	1511224	1511193	4.32e-10	60.2
ciro3545	Lach1	100.000	32	0	0	39	70	1737350	1737319	4.32e-10	60.2
ciro3545	Lach1	100.000	32	0	0	40	71	1737357	1737326	4.32e-10	60.2
ciro3545	Lach1	100.000	32	0	0	39	70	1777289	1777320	4.32e-10	60.2
ciro3545	Lach1	100.000	32	0	0	40	71	1849851	1849820	4.32e-10	60.2
ciro3545	Lach1	100.000	32	0	0	39	70	1905910	1905941	4.32e-10	60.2
ciro3545	Lach1	100.000	32	0	0	39	70	1962052	1962021	4.32e-10	60.2
ciro3545	Lach1	97.143	35	1	0	37	71	2423460	2423494	4.32e-10	60.2
ciro3545	Lach1	97.143	35	1	0	36	70	2452659	2452693	4.32e-10	60.2
ciro3545	Lach1	97.222	36	0	1	39	73	2593586	2593551	4.32e-10	60.2
ciro3545	Lach1	100.000	32	0	0	39	70	2676450	2676481	4.32e-10	60.2
ciro3545	Lach1	100.000	32	0	0	39	70	2768203	2768172	4.32e-10	60.2
ciro3545	Lach1	100.000	32	0	0	40	71	2768220	2768189	4.32e-10	60.2
ciro3545	Lach1	100.000	32	0	0	40	71	2826835	2826804	4.32e-10	60.2
ciro3545	Lach1	100.000	32	0	0	39	70	2898881	2898850	4.32e-10	60.2
ciro3545	Lach1	97.222	36	0	1	35	70	2900421	2900387	4.32e-10	60.2
ciro3545	Lach1	100.000	32	0	0	40	71	2925339	2925370	4.32e-10	60.2
ciro3545	Lach1	94.872	39	1	1	34	71	2956602	2956640	4.32e-10	60.2
ciro3545	Lach1	97.143	35	1	0	37	71	3195492	3195526	4.32e-10	60.2
ciro3545	Lach1	100.000	32	0	0	39	70	3195496	3195527	4.32e-10	60.2
ciro3545	Lach1	100.000	32	0	0	40	71	3524709	3524740	4.32e-10	60.2
ciro3545	Lach1	100.000	32	0	0	39	70	3524712	3524743	4.32e-10	60.2
ciro3545	Lach1	100.000	32	0	0	40	71	3592586	3592617	4.32e-10	60.2
ciro3545	Lach1	100.000	32	0	0	39	70	3592589	3592620	4.32e-10	60.2
ciro3545	Lach1	100.000	32	0	0	40	71	3596297	3596328	4.32e-10	60.2
ciro3545	Lach1	100.000	32	0	0	39	70	3935629	3935660	4.32e-10	60.2
ciro3545	Lach1	100.000	32	0	0	40	71	3939408	3939377	4.32e-10	60.2
ciro3545	Lach1	100.000	32	0	0	39	70	3939575	3939544	4.32e-10	60.2
ciro3545	Lach1	100.000	32	0	0	39	70	3968394	3968363	4.32e-10	60.2
ciro3545	Lach1	100.000	32	0	0	40	71	3968403	3968372	4.32e-10	60.2
ciro3545	Lach1	100.000	32	0	0	40	71	3990448	3990479	4.32e-10	60.2
ciro3545	Lach1	100.000	32	0	0	39	70	3990449	3990480	4.32e-10	60.2
ciro3545	Lach1	100.000	32	0	0	40	71	4219553	4219584	4.32e-10	60.2
ciro3545	Lach1	100.000	32	0	0	39	70	4262320	4262289	4.32e-10	60.2
ciro3545	Lach1	100.000	32	0	0	39	70	4299546	4299577	4.32e-10	60.2
ciro3545	Lach1	100.000	32	0	0	39	70	4301940	4301909	4.32e-10	60.2
ciro3545	Lach1	100.000	32	0	0	39	70	4325180	4325149	4.32e-10	60.2
ciro3545	Lach1	100.000	32	0	0	40	71	4325219	4325188	4.32e-10	60.2
ciro3545	Lach1	100.000	32	0	0	40	71	4342414	4342445	4.32e-10	60.2
ciro3545	Lach1	89.583	48	3	2	23	69	4343012	4342966	4.32e-10	60.2
ciro3545	Lach1	97.143	35	1	0	39	73	4406488	4406454	4.32e-10	60.2
ciro3545	Lach1	100.000	32	0	0	39	70	4447047	4447078	4.32e-10	60.2
ciro3545	Lach1	100.000	32	0	0	40	71	4542389	4542358	4.32e-10	60.2
ciro3545	Lach1	100.000	32	0	0	40	71	4768608	4768577	4.32e-10	60.2
ciro3545	Lach1	100.000	32	0	0	39	70	5145211	5145242	4.32e-10	60.2
ciro3545	Lach1	94.872	39	1	1	33	70	5217891	5217929	4.32e-10	60.2
ciro3545	Lach1	100.000	32	0	0	40	71	5334724	5334755	4.32e-10	60.2
ciro3545	Lach1	100.000	32	0	0	39	70	5424902	5424933	4.32e-10	60.2
ciro3545	Lach1	100.000	32	0	0	40	71	5460607	5460576	4.32e-10	60.2
ciro3545	Lach1	100.000	32	0	0	40	71	5508598	5508629	4.32e-10	60.2
ciro3545	Lach1	100.000	32	0	0	39	70	5562875	5562906	4.32e-10	60.2
ciro3545	Lach1	97.222	36	0	1	35	70	5809228	5809194	4.32e-10	60.2
ciro3545	Lach1	100.000	32	0	0	40	71	5870597	5870566	4.32e-10	60.2
ciro3545	Lach2	100.000	43	0	0	27	69	252658	252616	3.31e-16	80.5
ciro3545	Lach2	97.778	45	1	0	27	71	252660	252616	1.19e-15	78.7
ciro3545	Lach2	97.727	44	1	0	28	71	36160	36203	4.29e-15	76.8
ciro3545	Lach2	97.619	42	1	0	29	70	105702	105661	5.55e-14	73.1
ciro3545	Lach2	92.308	52	3	1	27	77	252662	252611	5.55e-14	73.1
ciro3545	Lach2	95.455	44	2	0	31	74	105702	105659	1.99e-13	71.3
ciro3545	Lach2	93.617	47	1	1	27	71	36161	36207	7.17e-13	69.4
ciro3545	Lach2	95.238	42	2	0	27	68	105702	105661	2.58e-12	67.6
ciro3545	Lach2	100.000	36	0	0	36	71	1927159	1927194	2.58e-12	67.6
ciro3545	Lach2	100.000	35	0	0	37	71	325134	325100	9.28e-12	65.8
ciro3545	Lach2	100.000	35	0	0	39	73	537990	538024	9.28e-12	65.8
ciro3545	Lach2	100.000	35	0	0	37	71	1352059	1352025	9.28e-12	65.8
ciro3545	Lach2	100.000	35	0	0	37	71	2004062	2004028	9.28e-12	65.8
ciro3545	Lach2	100.000	35	0	0	37	71	2724942	2724908	9.28e-12	65.8
ciro3545	Lach2	91.489	47	2	1	27	71	36163	36209	3.34e-11	63.9
ciro3545	Lach2	97.297	37	1	0	35	71	325134	325098	3.34e-11	63.9
ciro3545	Lach2	100.000	34	0	0	39	72	380818	380785	3.34e-11	63.9
ciro3545	Lach2	97.368	38	0	1	39	75	445482	445445	3.34e-11	63.9
ciro3545	Lach2	100.000	34	0	0	39	72	455669	455636	3.34e-11	63.9
ciro3545	Lach2	100.000	34	0	0	39	72	498784	498817	3.34e-11	63.9
ciro3545	Lach2	95.000	40	2	0	32	71	537965	538004	3.34e-11	63.9
ciro3545	Lach2	100.000	34	0	0	39	72	1144013	1143980	3.34e-11	63.9
ciro3545	Lach2	100.000	34	0	0	39	72	1195034	1195067	3.34e-11	63.9
ciro3545	Lach2	100.000	34	0	0	39	72	1254428	1254461	3.34e-11	63.9
ciro3545	Lach2	97.297	37	1	0	35	71	1352059	1352023	3.34e-11	63.9
ciro3545	Lach2	97.297	37	1	0	35	71	1468069	1468033	3.34e-11	63.9
ciro3545	Lach2	100.000	34	0	0	39	72	1669622	1669655	3.34e-11	63.9
ciro3545	Lach2	95.000	40	2	0	39	78	1669624	1669663	3.34e-11	63.9
ciro3545	Lach2	100.000	34	0	0	39	72	1730776	1730743	3.34e-11	63.9
ciro3545	Lach2	100.000	34	0	0	39	72	1821784	1821751	3.34e-11	63.9
ciro3545	Lach2	97.297	37	1	0	35	71	1821804	1821768	3.34e-11	63.9
ciro3545	Lach2	97.297	37	1	0	34	70	1927159	1927195	3.34e-11	63.9
ciro3545	Lach2	97.297	37	1	0	35	71	2004062	2004026	3.34e-11	63.9
ciro3545	Lach2	97.368	38	0	1	39	75	2103633	2103670	3.34e-11	63.9
ciro3545	Lach2	97.297	37	1	0	39	75	2103635	2103671	3.34e-11	63.9
ciro3545	Lach2	93.182	44	1	1	39	80	2457894	2457851	3.34e-11	63.9
ciro3545	Lach2	97.297	37	1	0	35	71	2724942	2724906	3.34e-11	63.9
ciro3545	Lach2	93.182	44	2	1	39	81	2787069	2787026	3.34e-11	63.9
ciro3545	Lach2	100.000	34	0	0	36	69	2899734	2899767	3.34e-11	63.9
ciro3545	Lach2	100.000	33	0	0	39	71	36179	36211	1.20e-10	62.1
ciro3545	Lach2	100.000	33	0	0	39	71	36181	36213	1.20e-10	62.1
ciro3545	Lach2	100.000	33	0	0	39	71	36183	36215	1.20e-10	62.1
ciro3545	Lach2	100.000	33	0	0	39	71	36185	36217	1.20e-10	62.1
ciro3545	Lach2	100.000	33	0	0	39	71	36187	36219	1.20e-10	62.1
ciro3545	Lach2	100.000	33	0	0	39	71	36189	36221	1.20e-10	62.1
ciro3545	Lach2	100.000	33	0	0	39	71	36191	36223	1.20e-10	62.1
ciro3545	Lach2	100.000	33	0	0	39	71	36193	36225	1.20e-10	62.1
ciro3545	Lach2	100.000	33	0	0	39	71	73985	74017	1.20e-10	62.1
ciro3545	Lach2	100.000	33	0	0	39	71	73987	74019	1.20e-10	62.1
ciro3545	Lach2	100.000	33	0	0	39	71	73989	74021	1.20e-10	62.1
ciro3545	Lach2	100.000	33	0	0	39	71	73991	74023	1.20e-10	62.1
ciro3545	Lach2	100.000	33	0	0	39	71	73993	74025	1.20e-10	62.1
ciro3545	Lach2	100.000	33	0	0	39	71	73995	74027	1.20e-10	62.1
ciro3545	Lach2	100.000	33	0	0	39	71	73997	74029	1.20e-10	62.1
ciro3545	Lach2	100.000	33	0	0	39	71	73999	74031	1.20e-10	62.1
ciro3545	Lach2	100.000	33	0	0	39	71	74001	74033	1.20e-10	62.1
ciro3545	Lach2	100.000	33	0	0	39	71	74003	74035	1.20e-10	62.1
ciro3545	Lach2	100.000	33	0	0	39	71	74005	74037	1.20e-10	62.1
ciro3545	Lach2	100.000	33	0	0	39	71	74007	74039	1.20e-10	62.1
ciro3545	Lach2	100.000	33	0	0	39	71	74009	74041	1.20e-10	62.1
ciro3545	Lach2	100.000	33	0	0	39	71	74011	74043	1.20e-10	62.1
ciro3545	Lach2	100.000	33	0	0	39	71	74013	74045	1.20e-10	62.1
ciro3545	Lach2	100.000	33	0	0	39	71	74015	74047	1.20e-10	62.1
ciro3545	Lach2	100.000	33	0	0	39	71	74017	74049	1.20e-10	62.1
ciro3545	Lach2	100.000	33	0	0	39	71	74019	74051	1.20e-10	62.1
ciro3545	Lach2	100.000	33	0	0	39	71	74021	74053	1.20e-10	62.1
ciro3545	Lach2	100.000	33	0	0	39	71	74023	74055	1.20e-10	62.1
ciro3545	Lach2	100.000	33	0	0	39	71	324354	324322	1.20e-10	62.1
ciro3545	Lach2	100.000	33	0	0	39	71	324356	324324	1.20e-10	62.1
ciro3545	Lach2	97.297	37	0	1	39	74	325120	325084	1.20e-10	62.1
ciro3545	Lach2	100.000	33	0	0	39	71	325122	325090	1.20e-10	62.1
ciro3545	Lach2	100.000	33	0	0	39	71	325124	325092	1.20e-10	62.1
ciro3545	Lach2	100.000	33	0	0	39	71	325126	325094	1.20e-10	62.1
ciro3545	Lach2	100.000	33	0	0	39	71	325128	325096	1.20e-10	62.1
ciro3545	Lach2	100.000	33	0	0	39	71	367016	366984	1.20e-10	62.1
ciro3545	Lach2	100.000	33	0	0	39	71	367018	366986	1.20e-10	62.1
ciro3545	Lach2	100.000	33	0	0	39	71	367020	366988	1.20e-10	62.1
ciro3545	Lach2	100.000	33	0	0	39	71	367022	366990	1.20e-10	62.1
ciro3545	Lach2	100.000	33	0	0	39	71	367024	366992	1.20e-10	62.1
ciro3545	Lach2	100.000	33	0	0	39	71	367026	366994	1.20e-10	62.1
ciro3545	Lach2	100.000	33	0	0	39	71	367028	366996	1.20e-10	62.1
ciro3545	Lach2	100.000	33	0	0	39	71	367030	366998	1.20e-10	62.1
ciro3545	Lach2	100.000	33	0	0	39	71	367032	367000	1.20e-10	62.1
ciro3545	Lach2	91.304	46	3	1	27	71	367047	367002	1.20e-10	62.1
ciro3545	Lach2	91.304	46	3	1	26	71	367054	367010	1.20e-10	62.1
ciro3545	Lach2	100.000	33	0	0	39	71	421552	421520	1.20e-10	62.1
ciro3545	Lach2	100.000	33	0	0	39	71	421554	421522	1.20e-10	62.1
ciro3545	Lach2	100.000	33	0	0	39	71	421556	421524	1.20e-10	62.1
ciro3545	Lach2	100.000	33	0	0	39	71	421558	421526	1.20e-10	62.1
ciro3545	Lach2	100.000	33	0	0	39	71	426410	426378	1.20e-10	62.1
ciro3545	Lach2	100.000	33	0	0	39	71	445484	445452	1.20e-10	62.1
ciro3545	Lach2	100.000	33	0	0	39	71	445486	445454	1.20e-10	62.1
ciro3545	Lach2	100.000	33	0	0	39	71	445488	445456	1.20e-10	62.1
ciro3545	Lach2	100.000	33	0	0	39	71	445490	445458	1.20e-10	62.1
ciro3545	Lach2	100.000	33	0	0	39	71	445492	445460	1.20e-10	62.1
ciro3545	Lach2	100.000	33	0	0	39	71	445494	445462	1.20e-10	62.1
ciro3545	Lach2	100.000	33	0	0	39	71	455671	455639	1.20e-10	62.1
ciro3545	Lach2	100.000	33	0	0	39	71	455673	455641	1.20e-10	62.1
ciro3545	Lach2	100.000	33	0	0	39	71	455675	455643	1.20e-10	62.1
ciro3545	Lach2	100.000	33	0	0	39	71	455677	455645	1.20e-10	62.1
ciro3545	Lach2	100.000	33	0	0	39	71	455679	455647	1.20e-10	62.1
ciro3545	Lach2	100.000	33	0	0	39	71	455681	455649	1.20e-10	62.1
ciro3545	Lach2	100.000	33	0	0	39	71	455683	455651	1.20e-10	62.1
ciro3545	Lach2	100.000	33	0	0	39	71	455685	455653	1.20e-10	62.1
ciro3545	Lach2	100.000	33	0	0	39	71	455687	455655	1.20e-10	62.1
ciro3545	Lach2	100.000	33	0	0	39	71	455689	455657	1.20e-10	62.1
ciro3545	Lach2	100.000	33	0	0	39	71	455691	455659	1.20e-10	62.1
ciro3545	Lach2	100.000	33	0	0	39	71	455693	455661	1.20e-10	62.1
ciro3545	Lach2	100.000	33	0	0	39	71	455695	455663	1.20e-10	62.1
ciro3545	Lach2	100.000	33	0	0	39	71	455697	455665	1.20e-10	62.1
ciro3545	Lach2	100.000	33	0	0	39	71	498768	498800	1.20e-10	62.1
ciro3545	Lach2	100.000	33	0	0	39	71	498770	498802	1.20e-10	62.1
ciro3545	Lach2	100.000	33	0	0	39	71	498772	498804	1.20e-10	62.1
ciro3545	Lach2	100.000	33	0	0	39	71	498774	498806	1.20e-10	62.1
ciro3545	Lach2	100.000	33	0	0	39	71	498776	498808	1.20e-10	62.1
ciro3545	Lach2	100.000	33	0	0	39	71	498778	498810	1.20e-10	62.1
ciro3545	Lach2	100.000	33	0	0	39	71	498780	498812	1.20e-10	62.1
ciro3545	Lach2	100.000	33	0	0	39	71	498782	498814	1.20e-10	62.1
ciro3545	Lach2	100.000	33	0	0	39	71	501851	501819	1.20e-10	62.1
ciro3545	Lach2	100.000	33	0	0	39	71	501853	501821	1.20e-10	62.1
ciro3545	Lach2	100.000	33	0	0	39	71	501855	501823	1.20e-10	62.1
ciro3545	Lach2	100.000	33	0	0	39	71	501857	501825	1.20e-10	62.1
ciro3545	Lach2	100.000	33	0	0	39	71	501859	501827	1.20e-10	62.1
ciro3545	Lach2	100.000	33	0	0	39	71	501861	501829	1.20e-10	62.1
ciro3545	Lach2	100.000	33	0	0	39	71	501863	501831	1.20e-10	62.1
ciro3545	Lach2	100.000	33	0	0	39	71	501865	501833	1.20e-10	62.1
ciro3545	Lach2	100.000	33	0	0	39	71	501867	501835	1.20e-10	62.1
ciro3545	Lach2	100.000	33	0	0	39	71	501869	501837	1.20e-10	62.1
ciro3545	Lach2	100.000	33	0	0	39	71	501871	501839	1.20e-10	62.1
ciro3545	Lach2	100.000	33	0	0	39	71	501873	501841	1.20e-10	62.1
ciro3545	Lach2	100.000	33	0	0	39	71	501875	501843	1.20e-10	62.1
ciro3545	Lach2	92.857	42	3	0	30	71	537965	538006	1.20e-10	62.1
ciro3545	Lach2	100.000	33	0	0	39	71	537976	538008	1.20e-10	62.1
ciro3545	Lach2	100.000	33	0	0	39	71	537978	538010	1.20e-10	62.1
ciro3545	Lach2	100.000	33	0	0	39	71	537980	538012	1.20e-10	62.1
ciro3545	Lach2	100.000	33	0	0	39	71	537982	538014	1.20e-10	62.1
ciro3545	Lach2	100.000	33	0	0	39	71	537984	538016	1.20e-10	62.1
ciro3545	Lach2	100.000	33	0	0	39	71	537986	538018	1.20e-10	62.1
ciro3545	Lach2	100.000	33	0	0	39	71	623265	623297	1.20e-10	62.1
ciro3545	Lach2	100.000	33	0	0	39	71	623267	623299	1.20e-10	62.1
ciro3545	Lach2	100.000	33	0	0	39	71	623269	623301	1.20e-10	62.1
ciro3545	Lach2	100.000	33	0	0	39	71	623271	623303	1.20e-10	62.1
ciro3545	Lach2	100.000	33	0	0	39	71	623273	623305	1.20e-10	62.1
ciro3545	Lach2	100.000	33	0	0	39	71	623275	623307	1.20e-10	62.1
ciro3545	Lach2	100.000	33	0	0	39	71	847084	847052	1.20e-10	62.1
ciro3545	Lach2	100.000	33	0	0	39	71	847086	847054	1.20e-10	62.1
ciro3545	Lach2	100.000	33	0	0	39	71	847088	847056	1.20e-10	62.1
ciro3545	Lach2	100.000	33	0	0	39	71	847090	847058	1.20e-10	62.1
ciro3545	Lach2	100.000	33	0	0	39	71	847092	847060	1.20e-10	62.1
ciro3545	Lach2	100.000	33	0	0	39	71	847094	847062	1.20e-10	62.1
ciro3545	Lach2	100.000	33	0	0	39	71	847096	847064	1.20e-10	62.1
ciro3545	Lach2	100.000	33	0	0	39	71	847098	847066	1.20e-10	62.1
ciro3545	Lach2	100.000	33	0	0	39	71	847100	847068	1.20e-10	62.1
ciro3545	Lach2	100.000	33	0	0	39	71	914513	914545	1.20e-10	62.1
ciro3545	Lach2	100.000	33	0	0	39	71	914515	914547	1.20e-10	62.1
ciro3545	Lach2	100.000	33	0	0	39	71	914517	914549	1.20e-10	62.1
ciro3545	Lach2	100.000	33	0	0	39	71	914519	914551	1.20e-10	62.1
ciro3545	Lach2	100.000	33	0	0	39	71	914521	914553	1.20e-10	62.1
ciro3545	Lach2	100.000	33	0	0	39	71	914523	914555	1.20e-10	62.1
ciro3545	Lach2	100.000	33	0	0	39	71	914525	914557	1.20e-10	62.1
ciro3545	Lach2	100.000	33	0	0	39	71	914527	914559	1.20e-10	62.1
ciro3545	Lach2	100.000	33	0	0	39	71	914529	914561	1.20e-10	62.1
ciro3545	Lach2	100.000	33	0	0	39	71	925949	925981	1.20e-10	62.1
ciro3545	Lach2	100.000	33	0	0	39	71	925951	925983	1.20e-10	62.1
ciro3545	Lach2	100.000	33	0	0	39	71	925953	925985	1.20e-10	62.1
ciro3545	Lach2	100.000	33	0	0	39	71	925955	925987	1.20e-10	62.1
ciro3545	Lach2	100.000	33	0	0	39	71	925957	925989	1.20e-10	62.1
ciro3545	Lach2	100.000	33	0	0	39	71	925959	925991	1.20e-10	62.1
ciro3545	Lach2	100.000	33	0	0	39	71	925961	925993	1.20e-10	62.1
ciro3545	Lach2	100.000	33	0	0	39	71	925963	925995	1.20e-10	62.1
ciro3545	Lach2	100.000	33	0	0	39	71	925965	925997	1.20e-10	62.1
ciro3545	Lach2	100.000	33	0	0	39	71	995571	995603	1.20e-10	62.1
ciro3545	Lach2	100.000	33	0	0	39	71	995573	995605	1.20e-10	62.1
ciro3545	Lach2	100.000	33	0	0	39	71	1061706	1061674	1.20e-10	62.1
ciro3545	Lach2	100.000	33	0	0	39	71	1072772	1072740	1.20e-10	62.1
ciro3545	Lach2	100.000	33	0	0	39	71	1072774	1072742	1.20e-10	62.1
ciro3545	Lach2	100.000	33	0	0	39	71	1072776	1072744	1.20e-10	62.1
ciro3545	Lach2	100.000	33	0	0	39	71	1072778	1072746	1.20e-10	62.1
ciro3545	Lach2	100.000	33	0	0	39	71	1082295	1082263	1.20e-10	62.1
ciro3545	Lach2	100.000	33	0	0	39	71	1082297	1082265	1.20e-10	62.1
ciro3545	Lach2	100.000	33	0	0	39	71	1082299	1082267	1.20e-10	62.1
ciro3545	Lach2	100.000	33	0	0	39	71	1082301	1082269	1.20e-10	62.1
ciro3545	Lach2	100.000	33	0	0	39	71	1082303	1082271	1.20e-10	62.1
ciro3545	Lach2	100.000	33	0	0	39	71	1144015	1143983	1.20e-10	62.1
ciro3545	Lach2	100.000	33	0	0	39	71	1144017	1143985	1.20e-10	62.1
ciro3545	Lach2	100.000	33	0	0	39	71	1144019	1143987	1.20e-10	62.1
ciro3545	Lach2	100.000	33	0	0	39	71	1144021	1143989	1.20e-10	62.1
ciro3545	Lach2	100.000	33	0	0	39	71	1144023	1143991	1.20e-10	62.1
ciro3545	Lach2	100.000	33	0	0	39	71	1144025	1143993	1.20e-10	62.1
ciro3545	Lach2	100.000	33	0	0	39	71	1144027	1143995	1.20e-10	62.1
ciro3545	Lach2	100.000	33	0	0	39	71	1195026	1195058	1.20e-10	62.1
ciro3545	Lach2	100.000	33	0	0	39	71	1195028	1195060	1.20e-10	62.1
ciro3545	Lach2	100.000	33	0	0	39	71	1195030	1195062	1.20e-10	62.1
ciro3545	Lach2	100.000	33	0	0	39	71	1195032	1195064	1.20e-10	62.1
ciro3545	Lach2	100.000	33	0	0	40	72	1197989	1198021	1.20e-10	62.1
ciro3545	Lach2	88.462	52	5	1	20	71	1210495	1210545	1.20e-10	62.1
ciro3545	Lach2	100.000	33	0	0	39	71	1210515	1210547	1.20e-10	62.1
ciro3545	Lach2	100.000	33	0	0	39	71	1210517	1210549	1.20e-10	62.1
ciro3545	Lach2	100.000	33	0	0	39	71	1254408	1254440	1.20e-10	62.1
ciro3545	Lach2	100.000	33	0	0	39	71	1254410	1254442	1.20e-10	62.1
ciro3545	Lach2	100.000	33	0	0	39	71	1254412	1254444	1.20e-10	62.1
ciro3545	Lach2	100.000	33	0	0	39	71	1254414	1254446	1.20e-10	62.1
ciro3545	Lach2	100.000	33	0	0	39	71	1254416	1254448	1.20e-10	62.1
ciro3545	Lach2	100.000	33	0	0	39	71	1254418	1254450	1.20e-10	62.1
ciro3545	Lach2	100.000	33	0	0	39	71	1254420	1254452	1.20e-10	62.1
ciro3545	Lach2	100.000	33	0	0	39	71	1254422	1254454	1.20e-10	62.1
ciro3545	Lach2	100.000	33	0	0	39	71	1254424	1254456	1.20e-10	62.1
ciro3545	Lach2	100.000	33	0	0	39	71	1254426	1254458	1.20e-10	62.1
ciro3545	Lach2	100.000	33	0	0	39	71	1336769	1336801	1.20e-10	62.1
ciro3545	Lach2	100.000	33	0	0	39	71	1336771	1336803	1.20e-10	62.1
ciro3545	Lach2	100.000	33	0	0	39	71	1336773	1336805	1.20e-10	62.1
ciro3545	Lach2	100.000	33	0	0	39	71	1336775	1336807	1.20e-10	62.1
ciro3545	Lach2	100.000	33	0	0	39	71	1336777	1336809	1.20e-10	62.1
ciro3545	Lach2	100.000	33	0	0	39	71	1352049	1352017	1.20e-10	62.1
ciro3545	Lach2	100.000	33	0	0	39	71	1352051	1352019	1.20e-10	62.1
ciro3545	Lach2	100.000	33	0	0	39	71	1352053	1352021	1.20e-10	62.1
ciro3545	Lach2	100.000	33	0	0	39	71	1401934	1401902	1.20e-10	62.1
ciro3545	Lach2	100.000	33	0	0	39	71	1408821	1408789	1.20e-10	62.1
ciro3545	Lach2	100.000	33	0	0	39	71	1408823	1408791	1.20e-10	62.1
ciro3545	Lach2	100.000	33	0	0	39	71	1408825	1408793	1.20e-10	62.1
ciro3545	Lach2	100.000	33	0	0	39	71	1468057	1468025	1.20e-10	62.1
ciro3545	Lach2	100.000	33	0	0	39	71	1468059	1468027	1.20e-10	62.1
ciro3545	Lach2	100.000	33	0	0	39	71	1468061	1468029	1.20e-10	62.1
ciro3545	Lach2	100.000	33	0	0	39	71	1468063	1468031	1.20e-10	62.1
ciro3545	Lach2	100.000	33	0	0	39	71	1503394	1503426	1.20e-10	62.1
ciro3545	Lach2	100.000	33	0	0	39	71	1503396	1503428	1.20e-10	62.1
ciro3545	Lach2	100.000	33	0	0	39	71	1513267	1513299	1.20e-10	62.1
ciro3545	Lach2	100.000	33	0	0	39	71	1513269	1513301	1.20e-10	62.1
ciro3545	Lach2	100.000	33	0	0	39	71	1513271	1513303	1.20e-10	62.1
ciro3545	Lach2	100.000	33	0	0	39	71	1513273	1513305	1.20e-10	62.1
ciro3545	Lach2	100.000	33	0	0	39	71	1513275	1513307	1.20e-10	62.1
ciro3545	Lach2	100.000	33	0	0	39	71	1513277	1513309	1.20e-10	62.1
ciro3545	Lach2	100.000	33	0	0	39	71	1513279	1513311	1.20e-10	62.1
ciro3545	Lach2	100.000	33	0	0	39	71	1513281	1513313	1.20e-10	62.1
ciro3545	Lach2	100.000	33	0	0	39	71	1513283	1513315	1.20e-10	62.1
ciro3545	Lach2	100.000	33	0	0	39	71	1513285	1513317	1.20e-10	62.1
ciro3545	Lach2	100.000	33	0	0	39	71	1513287	1513319	1.20e-10	62.1
ciro3545	Lach2	100.000	33	0	0	39	71	1513289	1513321	1.20e-10	62.1
ciro3545	Lach2	100.000	33	0	0	39	71	1513291	1513323	1.20e-10	62.1
ciro3545	Lach2	100.000	33	0	0	39	71	1513293	1513325	1.20e-10	62.1
ciro3545	Lach2	100.000	33	0	0	39	71	1513295	1513327	1.20e-10	62.1
ciro3545	Lach2	91.304	46	2	1	27	70	1651111	1651156	1.20e-10	62.1
ciro3545	Lach2	100.000	33	0	0	39	71	1669614	1669646	1.20e-10	62.1
ciro3545	Lach2	100.000	33	0	0	39	71	1669616	1669648	1.20e-10	62.1
ciro3545	Lach2	100.000	33	0	0	39	71	1669618	1669650	1.20e-10	62.1
ciro3545	Lach2	100.000	33	0	0	39	71	1669620	1669652	1.20e-10	62.1
ciro3545	Lach2	100.000	33	0	0	39	71	1730778	1730746	1.20e-10	62.1
ciro3545	Lach2	100.000	33	0	0	39	71	1730780	1730748	1.20e-10	62.1
ciro3545	Lach2	100.000	33	0	0	39	71	1771953	1771921	1.20e-10	62.1
ciro3545	Lach2	100.000	33	0	0	39	71	1771955	1771923	1.20e-10	62.1
ciro3545	Lach2	100.000	33	0	0	39	71	1771957	1771925	1.20e-10	62.1
ciro3545	Lach2	100.000	33	0	0	39	71	1771959	1771927	1.20e-10	62.1
ciro3545	Lach2	100.000	33	0	0	39	71	1771961	1771929	1.20e-10	62.1
ciro3545	Lach2	100.000	33	0	0	39	71	1771963	1771931	1.20e-10	62.1
ciro3545	Lach2	100.000	33	0	0	39	71	1771965	1771933	1.20e-10	62.1
ciro3545	Lach2	100.000	33	0	0	39	71	1771967	1771935	1.20e-10	62.1
ciro3545	Lach2	100.000	33	0	0	39	71	1771969	1771937	1.20e-10	62.1
ciro3545	Lach2	100.000	33	0	0	39	71	1771971	1771939	1.20e-10	62.1
ciro3545	Lach2	100.000	33	0	0	39	71	1771973	1771941	1.20e-10	62.1
ciro3545	Lach2	100.000	33	0	0	39	71	1771975	1771943	1.20e-10	62.1
ciro3545	Lach2	100.000	33	0	0	39	71	1771977	1771945	1.20e-10	62.1
ciro3545	Lach2	93.023	43	2	1	39	80	1779801	1779759	1.20e-10	62.1
ciro3545	Lach2	100.000	33	0	0	39	71	1779803	1779771	1.20e-10	62.1
ciro3545	Lach2	100.000	33	0	0	39	71	1779805	1779773	1.20e-10	62.1
ciro3545	Lach2	100.000	33	0	0	39	71	1779807	1779775	1.20e-10	62.1
ciro3545	Lach2	100.000	33	0	0	39	71	1779809	1779777	1.20e-10	62.1
ciro3545	Lach2	100.000	33	0	0	39	71	1779811	1779779	1.20e-10	62.1
ciro3545	Lach2	100.000	33	0	0	39	71	1779813	1779781	1.20e-10	62.1
ciro3545	Lach2	100.000	33	0	0	39	71	1785309	1785341	1.20e-10	62.1
ciro3545	Lach2	100.000	33	0	0	39	71	1785311	1785343	1.20e-10	62.1
ciro3545	Lach2	100.000	33	0	0	39	71	1785313	1785345	1.20e-10	62.1
ciro3545	Lach2	100.000	33	0	0	39	71	1785315	1785347	1.20e-10	62.1
ciro3545	Lach2	100.000	33	0	0	39	71	1785317	1785349	1.20e-10	62.1
ciro3545	Lach2	100.000	33	0	0	39	71	1785319	1785351	1.20e-10	62.1
ciro3545	Lach2	100.000	33	0	0	39	71	1785321	1785353	1.20e-10	62.1
ciro3545	Lach2	100.000	33	0	0	39	71	1785323	1785355	1.20e-10	62.1
ciro3545	Lach2	100.000	33	0	0	39	71	1785325	1785357	1.20e-10	62.1
ciro3545	Lach2	100.000	33	0	0	39	71	1785327	1785359	1.20e-10	62.1
ciro3545	Lach2	100.000	33	0	0	39	71	1785329	1785361	1.20e-10	62.1
ciro3545	Lach2	100.000	33	0	0	39	71	1785331	1785363	1.20e-10	62.1
ciro3545	Lach2	100.000	33	0	0	39	71	1785333	1785365	1.20e-10	62.1
ciro3545	Lach2	100.000	33	0	0	39	71	1785335	1785367	1.20e-10	62.1
ciro3545	Lach2	100.000	33	0	0	39	71	1785337	1785369	1.20e-10	62.1
ciro3545	Lach2	100.000	33	0	0	39	71	1785339	1785371	1.20e-10	62.1
ciro3545	Lach2	100.000	33	0	0	39	71	1785341	1785373	1.20e-10	62.1
ciro3545	Lach2	100.000	33	0	0	39	71	1785343	1785375	1.20e-10	62.1
ciro3545	Lach2	100.000	33	0	0	39	71	1785345	1785377	1.20e-10	62.1
ciro3545	Lach2	94.872	39	2	0	40	78	1795770	1795732	1.20e-10	62.1
ciro3545	Lach2	100.000	33	0	0	39	71	1821786	1821754	1.20e-10	62.1
ciro3545	Lach2	100.000	33	0	0	39	71	1821788	1821756	1.20e-10	62.1
ciro3545	Lach2	100.000	33	0	0	39	71	1821790	1821758	1.20e-10	62.1
ciro3545	Lach2	100.000	33	0	0	39	71	1821792	1821760	1.20e-10	62.1
ciro3545	Lach2	100.000	33	0	0	39	71	1821794	1821762	1.20e-10	62.1
ciro3545	Lach2	100.000	33	0	0	39	71	1821796	1821764	1.20e-10	62.1
ciro3545	Lach2	100.000	33	0	0	39	71	1821798	1821766	1.20e-10	62.1
ciro3545	Lach2	100.000	33	0	0	39	71	2103627	2103659	1.20e-10	62.1
ciro3545	Lach2	100.000	33	0	0	39	71	2103629	2103661	1.20e-10	62.1
ciro3545	Lach2	100.000	33	0	0	39	71	2103631	2103663	1.20e-10	62.1
ciro3545	Lach2	100.000	33	0	0	39	71	2232635	2232667	1.20e-10	62.1
ciro3545	Lach2	100.000	33	0	0	39	71	2232637	2232669	1.20e-10	62.1
ciro3545	Lach2	100.000	33	0	0	39	71	2232639	2232671	1.20e-10	62.1
ciro3545	Lach2	100.000	33	0	0	39	71	2232641	2232673	1.20e-10	62.1
ciro3545	Lach2	100.000	33	0	0	39	71	2232643	2232675	1.20e-10	62.1
ciro3545	Lach2	100.000	33	0	0	39	71	2232645	2232677	1.20e-10	62.1
ciro3545	Lach2	100.000	33	0	0	39	71	2232647	2232679	1.20e-10	62.1
ciro3545	Lach2	100.000	33	0	0	39	71	2232649	2232681	1.20e-10	62.1
ciro3545	Lach2	100.000	33	0	0	39	71	2232651	2232683	1.20e-10	62.1
ciro3545	Lach2	100.000	33	0	0	39	71	2232653	2232685	1.20e-10	62.1
ciro3545	Lach2	100.000	33	0	0	39	71	2232655	2232687	1.20e-10	62.1
ciro3545	Lach2	100.000	33	0	0	39	71	2289567	2289599	1.20e-10	62.1
ciro3545	Lach2	100.000	33	0	0	39	71	2289569	2289601	1.20e-10	62.1
ciro3545	Lach2	97.297	37	0	1	39	74	2457896	2457860	1.20e-10	62.1
ciro3545	Lach2	100.000	33	0	0	39	71	2457898	2457866	1.20e-10	62.1
ciro3545	Lach2	100.000	33	0	0	39	71	2457900	2457868	1.20e-10	62.1
ciro3545	Lach2	100.000	33	0	0	39	71	2457902	2457870	1.20e-10	62.1
ciro3545	Lach2	100.000	33	0	0	39	71	2457904	2457872	1.20e-10	62.1
ciro3545	Lach2	100.000	33	0	0	39	71	2457906	2457874	1.20e-10	62.1
ciro3545	Lach2	100.000	33	0	0	39	71	2559601	2559569	1.20e-10	62.1
ciro3545	Lach2	93.023	43	1	2	31	71	2652636	2652594	1.20e-10	62.1
ciro3545	Lach2	100.000	33	0	0	39	71	2656889	2656857	1.20e-10	62.1
ciro3545	Lach2	100.000	33	0	0	39	71	2656891	2656859	1.20e-10	62.1
ciro3545	Lach2	100.000	33	0	0	39	71	2724934	2724902	1.20e-10	62.1
ciro3545	Lach2	100.000	33	0	0	39	71	2724936	2724904	1.20e-10	62.1
ciro3545	Lach2	97.222	36	1	0	40	75	2756807	2756772	1.20e-10	62.1
ciro3545	Lach2	100.000	33	0	0	39	71	2787071	2787039	1.20e-10	62.1
ciro3545	Lach2	100.000	33	0	0	39	71	2787073	2787041	1.20e-10	62.1
ciro3545	Lach2	100.000	33	0	0	39	71	2787075	2787043	1.20e-10	62.1
ciro3545	Lach2	100.000	33	0	0	39	71	2787077	2787045	1.20e-10	62.1
ciro3545	Lach2	100.000	33	0	0	39	71	2787079	2787047	1.20e-10	62.1
ciro3545	Lach2	100.000	33	0	0	39	71	2787081	2787049	1.20e-10	62.1
ciro3545	Lach2	100.000	33	0	0	39	71	2787083	2787051	1.20e-10	62.1
ciro3545	Lach2	100.000	33	0	0	39	71	2787085	2787053	1.20e-10	62.1
ciro3545	Lach2	100.000	33	0	0	39	71	2787087	2787055	1.20e-10	62.1
ciro3545	Lach2	100.000	33	0	0	39	71	2787089	2787057	1.20e-10	62.1
ciro3545	Lach2	100.000	33	0	0	39	71	2787091	2787059	1.20e-10	62.1
ciro3545	Lach2	100.000	33	0	0	39	71	2844907	2844875	1.20e-10	62.1
ciro3545	Lach2	100.000	33	0	0	39	71	2844909	2844877	1.20e-10	62.1
ciro3545	Lach2	100.000	33	0	0	39	71	2885076	2885044	1.20e-10	62.1
ciro3545	Lach2	100.000	33	0	0	39	71	2885078	2885046	1.20e-10	62.1
ciro3545	Lach2	100.000	33	0	0	39	71	2885080	2885048	1.20e-10	62.1
ciro3545	Lach2	100.000	33	0	0	39	71	2909192	2909224	1.20e-10	62.1
ciro3545	Lach2	100.000	33	0	0	39	71	2909194	2909226	1.20e-10	62.1
ciro3545	Lach2	100.000	33	0	0	39	71	2909196	2909228	1.20e-10	62.1
ciro3545	Lach2	100.000	33	0	0	39	71	2909198	2909230	1.20e-10	62.1
ciro3545	Lach2	100.000	33	0	0	39	71	2909200	2909232	1.20e-10	62.1
ciro3545	Lach2	100.000	33	0	0	39	71	2909202	2909234	1.20e-10	62.1
ciro3545	Lach2	100.000	33	0	0	39	71	2909204	2909236	1.20e-10	62.1
ciro3545	Lach2	100.000	33	0	0	39	71	2909206	2909238	1.20e-10	62.1
ciro3545	Lach2	100.000	33	0	0	39	71	2909208	2909240	1.20e-10	62.1
ciro3545	Lach2	100.000	33	0	0	39	71	2909210	2909242	1.20e-10	62.1
ciro3545	Lach2	100.000	33	0	0	39	71	2909212	2909244	1.20e-10	62.1
ciro3545	Lach2	100.000	33	0	0	39	71	2970910	2970878	1.20e-10	62.1
ciro3545	Lach2	100.000	33	0	0	39	71	2970912	2970880	1.20e-10	62.1
ciro3545	Lach2	100.000	33	0	0	39	71	2970914	2970882	1.20e-10	62.1
ciro3545	Lach2	100.000	33	0	0	39	71	2970916	2970884	1.20e-10	62.1
ciro3545	Lach2	100.000	33	0	0	39	71	2970918	2970886	1.20e-10	62.1
ciro3545	Lach2	100.000	33	0	0	39	71	2970920	2970888	1.20e-10	62.1
ciro3545	Lach2	100.000	33	0	0	39	71	2970922	2970890	1.20e-10	62.1
ciro3545	Lach2	100.000	33	0	0	39	71	2970924	2970892	1.20e-10	62.1
ciro3545	Lach2	100.000	33	0	0	39	71	2970926	2970894	1.20e-10	62.1
ciro3545	Lach2	100.000	33	0	0	39	71	2970928	2970896	1.20e-10	62.1
ciro3545	Lach2	100.000	33	0	0	39	71	2970930	2970898	1.20e-10	62.1
ciro3545	Lach2	100.000	33	0	0	39	71	2970932	2970900	1.20e-10	62.1
ciro3545	Lach2	100.000	33	0	0	39	71	3008482	3008514	1.20e-10	62.1
ciro3545	Lach2	100.000	33	0	0	39	71	3008484	3008516	1.20e-10	62.1
ciro3545	Lach2	100.000	33	0	0	39	71	3008486	3008518	1.20e-10	62.1
ciro3545	Lach2	100.000	33	0	0	39	71	3008488	3008520	1.20e-10	62.1
ciro3545	Lach2	100.000	33	0	0	39	71	3008490	3008522	1.20e-10	62.1
ciro3545	Lach2	100.000	33	0	0	39	71	3008492	3008524	1.20e-10	62.1
ciro3545	Lach2	100.000	33	0	0	39	71	3008494	3008526	1.20e-10	62.1
ciro3545	Lach2	100.000	33	0	0	39	71	3008496	3008528	1.20e-10	62.1
ciro3545	Lach2	100.000	33	0	0	39	71	3008498	3008530	1.20e-10	62.1
ciro3545	Lach2	100.000	33	0	0	39	71	3008500	3008532	1.20e-10	62.1
ciro3545	Lach2	100.000	33	0	0	39	71	3008502	3008534	1.20e-10	62.1
ciro3545	Lach2	100.000	33	0	0	39	71	3008504	3008536	1.20e-10	62.1
ciro3545	Lach2	100.000	33	0	0	39	71	3008506	3008538	1.20e-10	62.1
ciro3545	Lach2	100.000	33	0	0	39	71	3008508	3008540	1.20e-10	62.1
ciro3545	Lach2	100.000	33	0	0	39	71	3008510	3008542	1.20e-10	62.1
ciro3545	Lach2	100.000	33	0	0	39	71	3022109	3022077	1.20e-10	62.1
ciro3545	Lach2	100.000	33	0	0	39	71	3022111	3022079	1.20e-10	62.1
ciro3545	Lach2	100.000	33	0	0	39	71	3022113	3022081	1.20e-10	62.1
ciro3545	Lach2	93.023	43	2	1	30	71	3022125	3022083	1.20e-10	62.1
ciro3545	Lach2	100.000	32	0	0	39	70	36195	36226	4.32e-10	60.2
ciro3545	Lach2	100.000	32	0	0	40	71	123696	123665	4.32e-10	60.2
ciro3545	Lach2	100.000	32	0	0	38	69	205552	205521	4.32e-10	60.2
ciro3545	Lach2	100.000	32	0	0	39	70	324352	324321	4.32e-10	60.2
ciro3545	Lach2	100.000	32	0	0	40	71	324357	324326	4.32e-10	60.2
ciro3545	Lach2	97.143	35	1	0	39	73	367014	366980	4.32e-10	60.2
ciro3545	Lach2	100.000	32	0	0	40	71	421559	421528	4.32e-10	60.2
ciro3545	Lach2	100.000	32	0	0	39	70	426408	426377	4.32e-10	60.2
ciro3545	Lach2	100.000	32	0	0	40	71	623264	623295	4.32e-10	60.2
ciro3545	Lach2	100.000	32	0	0	39	70	623277	623308	4.32e-10	60.2
ciro3545	Lach2	100.000	32	0	0	40	71	684174	684143	4.32e-10	60.2
ciro3545	Lach2	100.000	32	0	0	40	71	847101	847070	4.32e-10	60.2
ciro3545	Lach2	100.000	32	0	0	39	70	914531	914562	4.32e-10	60.2
ciro3545	Lach2	100.000	32	0	0	40	71	925948	925979	4.32e-10	60.2
ciro3545	Lach2	100.000	32	0	0	39	70	925967	925998	4.32e-10	60.2
ciro3545	Lach2	97.143	35	1	0	37	71	995567	995601	4.32e-10	60.2
ciro3545	Lach2	100.000	32	0	0	39	70	995575	995606	4.32e-10	60.2
ciro3545	Lach2	100.000	32	0	0	40	71	1082304	1082273	4.32e-10	60.2
ciro3545	Lach2	100.000	32	0	0	40	71	1144028	1143997	4.32e-10	60.2
ciro3545	Lach2	100.000	32	0	0	39	70	1336779	1336810	4.32e-10	60.2
ciro3545	Lach2	100.000	32	0	0	39	70	1352047	1352016	4.32e-10	60.2
ciro3545	Lach2	100.000	32	0	0	39	70	1401932	1401901	4.32e-10	60.2
ciro3545	Lach2	100.000	32	0	0	40	71	1401935	1401904	4.32e-10	60.2
ciro3545	Lach2	100.000	32	0	0	39	70	1408819	1408788	4.32e-10	60.2
ciro3545	Lach2	100.000	32	0	0	39	70	1447899	1447930	4.32e-10	60.2
ciro3545	Lach2	100.000	32	0	0	40	71	1503393	1503424	4.32e-10	60.2
ciro3545	Lach2	100.000	32	0	0	39	70	1503398	1503429	4.32e-10	60.2
ciro3545	Lach2	100.000	32	0	0	40	71	1513266	1513297	4.32e-10	60.2
ciro3545	Lach2	100.000	32	0	0	39	70	1771951	1771920	4.32e-10	60.2
ciro3545	Lach2	100.000	32	0	0	40	71	1785308	1785339	4.32e-10	60.2
ciro3545	Lach2	100.000	32	0	0	39	70	1785347	1785378	4.32e-10	60.2
ciro3545	Lach2	100.000	32	0	0	39	70	1885600	1885569	4.32e-10	60.2
ciro3545	Lach2	100.000	32	0	0	39	70	2004056	2004025	4.32e-10	60.2
ciro3545	Lach2	100.000	32	0	0	40	71	2232634	2232665	4.32e-10	60.2
ciro3545	Lach2	100.000	32	0	0	39	70	2232657	2232688	4.32e-10	60.2
ciro3545	Lach2	100.000	32	0	0	39	70	2289571	2289602	4.32e-10	60.2
ciro3545	Lach2	100.000	32	0	0	40	71	2457907	2457876	4.32e-10	60.2
ciro3545	Lach2	100.000	32	0	0	39	70	2559599	2559568	4.32e-10	60.2
ciro3545	Lach2	100.000	32	0	0	40	71	2656892	2656861	4.32e-10	60.2
ciro3545	Lach2	100.000	32	0	0	39	70	2756806	2756775	4.32e-10	60.2
ciro3545	Lach2	100.000	32	0	0	40	71	2787092	2787061	4.32e-10	60.2
ciro3545	Lach2	100.000	32	0	0	39	70	2885074	2885043	4.32e-10	60.2
ciro3545	Lach2	97.143	35	1	0	38	72	2899734	2899768	4.32e-10	60.2
ciro3545	Lach2	100.000	32	0	0	39	70	2902289	2902258	4.32e-10	60.2
ciro3545	Lach2	97.222	36	0	1	41	76	2904582	2904548	4.32e-10	60.2
ciro3545	Lach2	100.000	32	0	0	38	69	2904583	2904552	4.32e-10	60.2
ciro3545	Lach2	100.000	32	0	0	39	70	2909214	2909245	4.32e-10	60.2
ciro3545	Lach2	100.000	32	0	0	39	70	2970908	2970877	4.32e-10	60.2
ciro3545	Lach2	100.000	32	0	0	40	71	2970933	2970902	4.32e-10	60.2
ciro3545	Lach2	100.000	32	0	0	40	71	3008481	3008512	4.32e-10	60.2
ciro3446	Lach2	97.872	47	1	0	6	52	252668	252622	1.05e-16	82.4
ciro3446	Lach2	97.436	39	1	0	6	44	399771	399809	2.94e-12	67.6
ciro3446	Lach2	100.000	33	0	0	23	55	1373718	1373686	1.37e-10	62.1
ciro3446	Lach2	91.111	45	2	2	8	52	1927144	1927186	4.92e-10	60.2
ciro3446	Lach1	97.872	47	1	0	6	52	2152507	2152461	1.05e-16	82.4
ciro3446	Lach1	97.826	46	1	0	7	52	4399191	4399146	3.78e-16	80.5
ciro3446	Lach1	92.000	50	4	0	6	55	4399186	4399137	2.27e-13	71.3
ciro3446	Lach1	95.349	43	2	0	10	52	21543	21585	8.18e-13	69.4
ciro3446	Lach1	100.000	36	0	0	17	52	4649301	4649336	2.94e-12	67.6
ciro3446	Lach1	100.000	34	0	0	19	52	2956265	2956298	3.81e-11	63.9
ciro3446	Lach1	90.000	50	3	2	4	53	4567960	4568007	3.81e-11	63.9
ciro3446	Lach1	92.683	41	3	0	8	48	1185449	1185409	4.92e-10	60.2
ciro3446	Lach1	97.143	35	1	0	20	54	1529816	1529782	4.92e-10	60.2
