cisa3	Lach1	90.789	76	7	0	21	96	5812312	5812387	9.28e-23	102
cisa3	Lach1	93.939	66	4	0	21	86	5812308	5812373	3.34e-22	100
cisa3	Lach1	92.647	68	5	0	22	89	5812372	5812305	1.20e-21	99.0
cisa3	Lach1	87.805	82	10	0	22	103	375077	375158	4.32e-21	97.1
cisa3	Lach1	91.429	70	6	0	21	90	5812304	5812373	4.32e-21	97.1
cisa3	Lach1	87.059	85	9	1	22	104	375083	375167	1.55e-20	95.3
cisa3	Lach1	86.364	88	8	3	22	105	3895663	3895750	5.59e-20	93.5
cisa3	Lach1	88.462	78	7	2	22	99	5812380	5812305	5.59e-20	93.5
cisa3	Lach1	91.176	68	6	0	22	89	5812319	5812386	5.59e-20	93.5
cisa3	Lach1	86.047	86	10	1	22	105	5689966	5690051	2.01e-19	91.6
cisa3	Lach1	86.420	81	11	0	23	103	375074	375154	7.23e-19	89.8
cisa3	Lach1	98.000	50	1	0	22	71	1303750	1303799	2.60e-18	87.9
cisa3	Lach1	100.000	47	0	0	23	69	4916725	4916679	2.60e-18	87.9
cisa3	Lach1	91.935	62	5	0	22	83	5812366	5812305	2.60e-18	87.9
cisa3	Lach1	85.542	83	10	1	23	105	375066	375146	9.35e-18	86.1
cisa3	Lach1	100.000	46	0	0	22	67	4613081	4613036	9.35e-18	86.1
cisa3	Lach1	85.366	82	10	1	22	103	375071	375150	3.36e-17	84.2
cisa3	Lach1	96.078	51	2	0	19	69	689754	689804	3.36e-17	84.2
cisa3	Lach1	97.917	48	1	0	22	69	4613085	4613038	3.36e-17	84.2
cisa3	Lach1	96.154	52	1	1	19	69	4916726	4916675	3.36e-17	84.2
cisa3	Lach1	93.103	58	2	1	22	77	5812329	5812386	3.36e-17	84.2
cisa3	Lach1	97.872	47	1	0	21	67	116445	116491	1.21e-16	82.4
cisa3	Lach1	88.406	69	6	2	22	88	375120	375052	1.21e-16	82.4
cisa3	Lach1	84.524	84	11	1	22	105	1303744	1303825	1.21e-16	82.4
cisa3	Lach1	100.000	44	0	0	26	69	2678590	2678633	1.21e-16	82.4
cisa3	Lach1	85.897	78	10	1	29	105	3895662	3895739	1.21e-16	82.4
cisa3	Lach1	84.706	85	9	3	23	105	4916729	4916647	1.21e-16	82.4
cisa3	Lach1	97.872	47	1	0	21	67	5012446	5012400	1.21e-16	82.4
cisa3	Lach1	85.185	81	10	1	21	101	5689973	5690051	1.21e-16	82.4
cisa3	Lach1	97.826	46	1	0	22	67	336385	336340	4.35e-16	80.5
cisa3	Lach1	88.060	67	8	0	27	93	1066627	1066693	4.35e-16	80.5
cisa3	Lach1	88.235	68	7	1	27	93	1303740	1303807	4.35e-16	80.5
cisa3	Lach1	97.826	46	1	0	22	67	2678590	2678635	4.35e-16	80.5
cisa3	Lach1	87.879	66	8	0	24	89	375120	375055	1.56e-15	78.7
cisa3	Lach1	91.228	57	5	0	24	80	689757	689813	1.56e-15	78.7
cisa3	Lach1	94.340	53	0	3	14	63	1003163	1003111	1.56e-15	78.7
cisa3	Lach1	87.324	71	5	3	22	88	1297378	1297308	1.56e-15	78.7
cisa3	Lach1	92.593	54	4	0	14	67	1297333	1297386	1.56e-15	78.7
cisa3	Lach1	94.118	51	3	0	21	71	1297342	1297392	1.56e-15	78.7
cisa3	Lach1	94.118	51	3	0	21	71	4613088	4613038	1.56e-15	78.7
cisa3	Lach1	100.000	42	0	0	24	65	4791800	4791841	1.56e-15	78.7
cisa3	Lach1	86.111	72	10	0	22	93	4916734	4916663	1.56e-15	78.7
cisa3	Lach1	95.833	48	2	0	22	69	4916718	4916671	1.56e-15	78.7
cisa3	Lach1	91.379	58	4	1	22	78	5125785	5125842	1.56e-15	78.7
cisa3	Lach1	92.593	54	4	0	20	73	5562067	5562014	1.56e-15	78.7
cisa3	Lach1	95.833	48	2	0	22	69	5562018	5562065	1.56e-15	78.7
cisa3	Lach1	89.062	64	6	1	22	85	5812352	5812290	1.56e-15	78.7
cisa3	Lach1	92.593	54	4	0	22	75	5812358	5812305	1.56e-15	78.7
cisa3	Lach1	100.000	41	0	0	21	61	336345	336385	5.63e-15	76.8
cisa3	Lach1	92.593	54	3	1	34	86	934256	934309	5.63e-15	76.8
cisa3	Lach1	94.000	50	3	0	22	71	1297345	1297394	5.63e-15	76.8
cisa3	Lach1	94.118	51	2	1	26	76	1303789	1303740	5.63e-15	76.8
cisa3	Lach1	97.727	44	1	0	22	65	1303787	1303744	5.63e-15	76.8
cisa3	Lach1	97.727	44	1	0	22	65	1303789	1303746	5.63e-15	76.8
cisa3	Lach1	100.000	41	0	0	21	61	4117551	4117591	5.63e-15	76.8
cisa3	Lach1	100.000	41	0	0	21	61	4117594	4117554	5.63e-15	76.8
cisa3	Lach1	94.000	50	3	0	22	71	4613038	4613087	5.63e-15	76.8
cisa3	Lach1	94.000	50	3	0	26	75	4613087	4613038	5.63e-15	76.8
cisa3	Lach1	97.727	44	1	0	22	65	4613044	4613087	5.63e-15	76.8
cisa3	Lach1	97.727	44	1	0	28	71	4791800	4791843	5.63e-15	76.8
cisa3	Lach1	97.727	44	1	0	21	64	5516990	5516947	5.63e-15	76.8
cisa3	Lach1	100.000	40	0	0	22	61	116485	116446	2.02e-14	75.0
cisa3	Lach1	95.652	46	2	0	22	67	116448	116493	2.02e-14	75.0
cisa3	Lach1	95.652	46	2	0	22	67	336381	336336	2.02e-14	75.0
cisa3	Lach1	90.909	55	5	0	30	84	375120	375066	2.02e-14	75.0
cisa3	Lach1	87.500	64	8	0	22	85	375130	375067	2.02e-14	75.0
cisa3	Lach1	100.000	40	0	0	22	61	598319	598358	2.02e-14	75.0
cisa3	Lach1	100.000	40	0	0	22	61	598358	598319	2.02e-14	75.0
cisa3	Lach1	100.000	40	0	0	22	61	689796	689757	2.02e-14	75.0
cisa3	Lach1	100.000	40	0	0	21	60	907054	907093	2.02e-14	75.0
cisa3	Lach1	97.674	43	1	0	25	67	1251465	1251423	2.02e-14	75.0
cisa3	Lach1	93.878	49	3	0	19	67	1282572	1282524	2.02e-14	75.0
cisa3	Lach1	95.652	46	2	0	24	69	1303789	1303744	2.02e-14	75.0
cisa3	Lach1	100.000	40	0	0	24	63	1809018	1809057	2.02e-14	75.0
cisa3	Lach1	100.000	40	0	0	21	60	2824816	2824855	2.02e-14	75.0
cisa3	Lach1	93.878	49	3	0	28	76	3462165	3462213	2.02e-14	75.0
cisa3	Lach1	93.878	49	3	0	34	82	3462165	3462213	2.02e-14	75.0
cisa3	Lach1	100.000	40	0	0	22	61	4117591	4117552	2.02e-14	75.0
cisa3	Lach1	100.000	40	0	0	22	61	4117554	4117593	2.02e-14	75.0
cisa3	Lach1	89.831	59	4	1	34	92	4613087	4613031	2.02e-14	75.0
cisa3	Lach1	95.652	46	2	0	22	67	4613077	4613032	2.02e-14	75.0
cisa3	Lach1	95.652	46	2	0	22	67	4791800	4791845	2.02e-14	75.0
cisa3	Lach1	95.652	46	2	0	22	67	4791804	4791849	2.02e-14	75.0
cisa3	Lach1	95.652	46	2	0	22	67	5012443	5012398	2.02e-14	75.0
cisa3	Lach1	100.000	40	0	0	22	61	5012406	5012445	2.02e-14	75.0
cisa3	Lach1	97.674	43	1	0	19	61	5516945	5516987	2.02e-14	75.0
cisa3	Lach1	97.727	44	0	1	19	61	5516946	5516989	2.02e-14	75.0
cisa3	Lach1	97.674	43	1	0	23	65	5516947	5516989	2.02e-14	75.0
cisa3	Lach1	93.878	49	3	0	27	75	5562017	5562065	2.02e-14	75.0
cisa3	Lach1	97.674	43	1	0	23	65	5562017	5562059	2.02e-14	75.0
cisa3	Lach1	97.674	43	1	0	22	64	5562059	5562017	2.02e-14	75.0
cisa3	Lach1	95.556	45	2	0	25	69	336386	336342	7.28e-14	73.1
cisa3	Lach1	100.000	39	0	0	22	60	336348	336386	7.28e-14	73.1
cisa3	Lach1	100.000	39	0	0	23	61	336386	336348	7.28e-14	73.1
cisa3	Lach1	100.000	39	0	0	22	60	598321	598359	7.28e-14	73.1
cisa3	Lach1	100.000	39	0	0	23	61	598359	598321	7.28e-14	73.1
cisa3	Lach1	97.619	42	1	0	20	61	907051	907092	7.28e-14	73.1
cisa3	Lach1	100.000	39	0	0	23	61	907093	907055	7.28e-14	73.1
cisa3	Lach1	92.308	52	3	1	23	73	1003156	1003105	7.28e-14	73.1
cisa3	Lach1	100.000	39	0	0	22	60	1003113	1003151	7.28e-14	73.1
cisa3	Lach1	97.619	42	1	0	22	63	1251464	1251423	7.28e-14	73.1
cisa3	Lach1	100.000	39	0	0	28	66	1739347	1739385	7.28e-14	73.1
cisa3	Lach1	95.556	45	2	0	27	71	2111825	2111781	7.28e-14	73.1
cisa3	Lach1	90.909	55	4	1	31	85	2456312	2456259	7.28e-14	73.1
cisa3	Lach1	100.000	39	0	0	23	61	2824855	2824817	7.28e-14	73.1
cisa3	Lach1	97.619	42	1	0	24	65	3462165	3462206	7.28e-14	73.1
cisa3	Lach1	95.556	45	2	0	21	65	4117549	4117593	7.28e-14	73.1
cisa3	Lach1	97.619	42	1	0	24	65	4117593	4117552	7.28e-14	73.1
cisa3	Lach1	100.000	39	0	0	22	60	4916687	4916725	7.28e-14	73.1
cisa3	Lach1	97.619	42	1	0	24	65	5516989	5516948	7.28e-14	73.1
cisa3	Lach1	97.619	42	1	0	19	60	5850753	5850794	7.28e-14	73.1
cisa3	Lach1	95.455	44	2	0	22	65	336342	336385	2.62e-13	71.3
cisa3	Lach1	97.561	41	1	0	25	65	598359	598319	2.62e-13	71.3
cisa3	Lach1	93.750	48	1	2	18	64	687510	687464	2.62e-13	71.3
cisa3	Lach1	100.000	38	0	0	22	59	907092	907055	2.62e-13	71.3
cisa3	Lach1	100.000	38	0	0	24	61	1003113	1003150	2.62e-13	71.3
cisa3	Lach1	100.000	38	0	0	21	58	1251428	1251465	2.62e-13	71.3
cisa3	Lach1	93.617	47	3	0	21	67	1282568	1282522	2.62e-13	71.3
cisa3	Lach1	93.750	48	1	2	24	69	1297380	1297333	2.62e-13	71.3
cisa3	Lach1	88.333	60	6	1	24	82	1303799	1303740	2.62e-13	71.3
cisa3	Lach1	88.333	60	6	1	22	80	1303799	1303740	2.62e-13	71.3
cisa3	Lach1	100.000	38	0	0	22	59	1303781	1303744	2.62e-13	71.3
cisa3	Lach1	88.333	60	6	1	32	91	1306891	1306949	2.62e-13	71.3
cisa3	Lach1	100.000	38	0	0	22	59	1809018	1809055	2.62e-13	71.3
cisa3	Lach1	100.000	38	0	0	24	61	1809055	1809018	2.62e-13	71.3
cisa3	Lach1	100.000	38	0	0	22	59	1809055	1809018	2.62e-13	71.3
cisa3	Lach1	93.617	47	3	0	22	68	2152488	2152534	2.62e-13	71.3
cisa3	Lach1	97.561	41	1	0	21	61	2824814	2824854	2.62e-13	71.3
cisa3	Lach1	100.000	38	0	0	22	59	2824854	2824817	2.62e-13	71.3
cisa3	Lach1	100.000	38	0	0	25	62	2847810	2847773	2.62e-13	71.3
cisa3	Lach1	92.000	50	4	0	21	70	3462164	3462213	2.62e-13	71.3
cisa3	Lach1	92.000	50	4	0	26	75	4613038	4613087	2.62e-13	71.3
cisa3	Lach1	92.000	50	4	0	30	79	4613087	4613038	2.62e-13	71.3
cisa3	Lach1	92.000	50	4	0	28	77	4613038	4613087	2.62e-13	71.3
cisa3	Lach1	92.000	50	4	0	30	79	4613038	4613087	2.62e-13	71.3
cisa3	Lach1	100.000	38	0	0	22	59	4613050	4613087	2.62e-13	71.3
cisa3	Lach1	95.455	44	2	0	22	65	4791843	4791800	2.62e-13	71.3
cisa3	Lach1	100.000	38	0	0	22	59	4791837	4791800	2.62e-13	71.3
cisa3	Lach1	100.000	38	0	0	24	61	4916687	4916724	2.62e-13	71.3
cisa3	Lach1	93.617	47	3	0	21	67	5320087	5320041	2.62e-13	71.3
cisa3	Lach1	97.619	42	0	1	19	60	5394358	5394398	2.62e-13	71.3
cisa3	Lach1	100.000	38	0	0	22	59	5562024	5562061	2.62e-13	71.3
cisa3	Lach1	84.722	72	9	2	22	93	5690021	5689952	2.62e-13	71.3
cisa3	Lach1	100.000	38	0	0	21	58	5727845	5727882	2.62e-13	71.3
cisa3	Lach1	93.750	48	2	1	15	61	5896792	5896839	2.62e-13	71.3
cisa3	Lach1	100.000	38	0	0	23	60	5896803	5896840	2.62e-13	71.3
cisa3	Lach1	100.000	38	0	0	23	60	5896840	5896803	2.62e-13	71.3
cisa3	Lach1	97.500	40	1	0	26	65	116485	116446	9.41e-13	69.4
cisa3	Lach1	93.478	46	3	0	22	67	116450	116495	9.41e-13	69.4
cisa3	Lach1	93.478	46	3	0	22	67	336379	336334	9.41e-13	69.4
cisa3	Lach1	100.000	37	0	0	21	57	410121	410085	9.41e-13	69.4
cisa3	Lach1	95.349	43	2	0	31	73	598359	598317	9.41e-13	69.4
cisa3	Lach1	97.500	40	1	0	26	65	598319	598358	9.41e-13	69.4
cisa3	Lach1	97.500	40	1	0	26	65	689796	689757	9.41e-13	69.4
cisa3	Lach1	82.500	80	13	1	22	101	1116042	1115964	9.41e-13	69.4
cisa3	Lach1	88.136	59	5	2	30	88	1166316	1166260	9.41e-13	69.4
cisa3	Lach1	88.136	59	5	1	24	82	1166316	1166260	9.41e-13	69.4
cisa3	Lach1	97.500	40	1	0	28	67	1217190	1217151	9.41e-13	69.4
cisa3	Lach1	97.500	40	1	0	22	61	1251425	1251464	9.41e-13	69.4
cisa3	Lach1	97.561	41	0	1	20	60	1251426	1251465	9.41e-13	69.4
cisa3	Lach1	90.385	52	5	0	26	77	1297343	1297394	9.41e-13	69.4
cisa3	Lach1	97.500	40	1	0	28	67	1809018	1809057	9.41e-13	69.4
cisa3	Lach1	86.154	65	8	1	25	88	2152485	2152549	9.41e-13	69.4
cisa3	Lach1	97.500	40	1	0	22	61	2678629	2678590	9.41e-13	69.4
cisa3	Lach1	100.000	37	0	0	22	58	2847774	2847810	9.41e-13	69.4
cisa3	Lach1	100.000	37	0	0	24	60	2847774	2847810	9.41e-13	69.4
cisa3	Lach1	100.000	37	0	0	23	59	2847810	2847774	9.41e-13	69.4
cisa3	Lach1	100.000	37	0	0	24	60	3895698	3895662	9.41e-13	69.4
cisa3	Lach1	100.000	37	0	0	22	58	3895698	3895662	9.41e-13	69.4
cisa3	Lach1	97.500	40	1	0	33	72	4470187	4470226	9.41e-13	69.4
cisa3	Lach1	100.000	37	0	0	29	65	4470187	4470223	9.41e-13	69.4
cisa3	Lach1	82.143	84	12	3	22	105	4698151	4698231	9.41e-13	69.4
cisa3	Lach1	93.478	46	3	0	22	67	4791806	4791851	9.41e-13	69.4
cisa3	Lach1	93.478	46	3	0	22	67	4916714	4916669	9.41e-13	69.4
cisa3	Lach1	97.500	40	1	0	22	61	4916683	4916722	9.41e-13	69.4
cisa3	Lach1	93.478	46	3	0	22	67	5012441	5012396	9.41e-13	69.4
cisa3	Lach1	97.500	40	1	0	26	65	5012406	5012445	9.41e-13	69.4
cisa3	Lach1	89.286	56	5	1	34	89	5125785	5125839	9.41e-13	69.4
cisa3	Lach1	91.837	49	4	0	22	70	5320082	5320034	9.41e-13	69.4
cisa3	Lach1	97.500	40	1	0	25	64	5394398	5394359	9.41e-13	69.4
cisa3	Lach1	100.000	37	0	0	23	59	5394398	5394362	9.41e-13	69.4
cisa3	Lach1	95.349	43	2	0	27	69	5516947	5516989	9.41e-13	69.4
cisa3	Lach1	95.349	43	2	0	29	71	5516947	5516989	9.41e-13	69.4
cisa3	Lach1	95.349	43	2	0	28	70	5516989	5516947	9.41e-13	69.4
cisa3	Lach1	100.000	37	0	0	22	58	5516983	5516947	9.41e-13	69.4
cisa3	Lach1	91.837	49	4	0	30	78	5562065	5562017	9.41e-13	69.4
cisa3	Lach1	91.837	49	4	0	28	76	5562065	5562017	9.41e-13	69.4
cisa3	Lach1	91.837	49	4	0	31	79	5562017	5562065	9.41e-13	69.4
cisa3	Lach1	91.837	49	4	0	33	81	5562017	5562065	9.41e-13	69.4
cisa3	Lach1	100.000	37	0	0	22	58	5562053	5562017	9.41e-13	69.4
cisa3	Lach1	97.500	40	1	0	22	61	5562026	5562065	9.41e-13	69.4
cisa3	Lach1	85.938	64	9	0	21	84	5664839	5664902	9.41e-13	69.4
cisa3	Lach1	93.478	46	3	0	22	67	5690005	5689960	9.41e-13	69.4
cisa3	Lach1	93.478	46	3	0	22	67	5690009	5689964	9.41e-13	69.4
cisa3	Lach1	97.500	40	1	0	21	60	5727843	5727882	9.41e-13	69.4
cisa3	Lach1	100.000	37	0	0	25	61	5727882	5727846	9.41e-13	69.4
cisa3	Lach1	100.000	37	0	0	23	59	5727882	5727846	9.41e-13	69.4
cisa3	Lach1	92.000	50	2	1	22	69	5812337	5812386	9.41e-13	69.4
cisa3	Lach1	97.561	41	0	1	21	61	5850797	5850758	9.41e-13	69.4
cisa3	Lach1	95.349	43	2	0	22	64	5896839	5896797	9.41e-13	69.4
cisa3	Lach1	100.000	37	0	0	22	58	5896804	5896840	9.41e-13	69.4
cisa3	Lach1	88.525	61	2	5	19	78	5908834	5908890	9.41e-13	69.4
cisa3	Lach1	85.075	67	8	2	25	89	312471	312405	3.39e-12	67.6
cisa3	Lach1	83.333	72	12	0	31	102	336386	336315	3.39e-12	67.6
cisa3	Lach1	93.333	45	3	0	26	70	336342	336386	3.39e-12	67.6
cisa3	Lach1	100.000	36	0	0	22	57	410085	410120	3.39e-12	67.6
cisa3	Lach1	100.000	36	0	0	24	59	410085	410120	3.39e-12	67.6
cisa3	Lach1	100.000	36	0	0	26	61	410085	410120	3.39e-12	67.6
cisa3	Lach1	100.000	36	0	0	26	61	410120	410085	3.39e-12	67.6
cisa3	Lach1	100.000	36	0	0	24	59	410120	410085	3.39e-12	67.6
cisa3	Lach1	93.333	45	3	0	29	73	598359	598315	3.39e-12	67.6
cisa3	Lach1	90.385	52	4	1	8	58	687457	687508	3.39e-12	67.6
cisa3	Lach1	93.478	46	2	1	23	68	687508	687464	3.39e-12	67.6
cisa3	Lach1	87.719	57	7	0	28	84	689757	689813	3.39e-12	67.6
cisa3	Lach1	97.436	39	1	0	27	65	907093	907055	3.39e-12	67.6
cisa3	Lach1	83.333	72	12	0	22	93	1066628	1066699	3.39e-12	67.6
cisa3	Lach1	87.931	58	6	1	22	79	1166285	1166341	3.39e-12	67.6
cisa3	Lach1	95.238	42	2	0	26	67	1217190	1217149	3.39e-12	67.6
cisa3	Lach1	100.000	36	0	0	28	63	1217157	1217192	3.39e-12	67.6
cisa3	Lach1	81.395	86	12	2	22	103	1303758	1303843	3.39e-12	67.6
cisa3	Lach1	97.436	39	1	0	21	59	1739346	1739384	3.39e-12	67.6
cisa3	Lach1	97.436	39	1	0	24	62	1739347	1739385	3.39e-12	67.6
cisa3	Lach1	97.436	39	1	0	25	63	1791682	1791644	3.39e-12	67.6
cisa3	Lach1	100.000	36	0	0	21	56	1884427	1884462	3.39e-12	67.6
cisa3	Lach1	93.333	45	3	0	33	77	2111825	2111781	3.39e-12	67.6
cisa3	Lach1	93.333	45	3	0	31	75	2111825	2111781	3.39e-12	67.6
cisa3	Lach1	97.436	39	1	0	27	65	2824855	2824817	3.39e-12	67.6
cisa3	Lach1	100.000	36	0	0	26	61	2847774	2847809	3.39e-12	67.6
cisa3	Lach1	100.000	36	0	0	22	57	2847809	2847774	3.39e-12	67.6
cisa3	Lach1	89.091	55	5	1	18	71	3200086	3200032	3.39e-12	67.6
cisa3	Lach1	93.333	45	3	0	21	65	3462209	3462165	3.39e-12	67.6
cisa3	Lach1	97.436	39	1	0	29	67	3469304	3469342	3.39e-12	67.6
cisa3	Lach1	86.885	61	7	1	26	86	3895698	3895639	3.39e-12	67.6
cisa3	Lach1	90.385	52	4	1	23	73	3895710	3895659	3.39e-12	67.6
cisa3	Lach1	95.238	42	2	0	28	69	4117552	4117593	3.39e-12	67.6
cisa3	Lach1	95.238	42	2	0	30	71	4117552	4117593	3.39e-12	67.6
cisa3	Lach1	95.238	42	2	0	30	71	4117593	4117552	3.39e-12	67.6
cisa3	Lach1	95.238	42	2	0	28	69	4117593	4117552	3.39e-12	67.6
cisa3	Lach1	97.436	39	1	0	23	61	4470187	4470225	3.39e-12	67.6
cisa3	Lach1	97.436	39	1	0	22	60	4470225	4470187	3.39e-12	67.6
cisa3	Lach1	91.667	48	4	0	20	67	4606221	4606174	3.39e-12	67.6
cisa3	Lach1	87.931	58	6	1	31	87	4687946	4687889	3.39e-12	67.6
cisa3	Lach1	86.667	60	8	0	22	81	4916675	4916734	3.39e-12	67.6
cisa3	Lach1	95.238	42	2	0	24	65	4916683	4916724	3.39e-12	67.6
cisa3	Lach1	97.436	39	1	0	22	60	4916691	4916729	3.39e-12	67.6
cisa3	Lach1	88.136	59	4	2	28	84	5125785	5125842	3.39e-12	67.6
cisa3	Lach1	90.385	52	4	1	22	72	5320043	5320094	3.39e-12	67.6
cisa3	Lach1	85.938	64	7	2	21	83	5391050	5390988	3.39e-12	67.6
cisa3	Lach1	95.238	42	2	0	30	71	5516989	5516948	3.39e-12	67.6
cisa3	Lach1	91.667	48	4	0	22	69	5690013	5689966	3.39e-12	67.6
cisa3	Lach1	100.000	36	0	0	26	61	5727846	5727881	3.39e-12	67.6
cisa3	Lach1	100.000	36	0	0	22	57	5727881	5727846	3.39e-12	67.6
cisa3	Lach1	97.500	40	0	1	25	64	5908873	5908835	3.39e-12	67.6
cisa3	Lach1	100.000	36	0	0	23	58	5908873	5908838	3.39e-12	67.6
cisa3	Lach1	93.182	44	3	0	30	73	116485	116442	1.22e-11	65.8
cisa3	Lach1	97.368	38	1	0	28	65	116446	116483	1.22e-11	65.8
cisa3	Lach1	93.182	44	3	0	28	71	336342	336385	1.22e-11	65.8
cisa3	Lach1	95.122	41	2	0	21	61	556331	556371	1.22e-11	65.8
cisa3	Lach1	95.122	41	2	0	21	61	556372	556332	1.22e-11	65.8
cisa3	Lach1	95.122	41	2	0	30	70	598319	598359	1.22e-11	65.8
cisa3	Lach1	90.385	52	1	4	27	78	687508	687461	1.22e-11	65.8
cisa3	Lach1	93.333	45	1	2	19	61	687463	687507	1.22e-11	65.8
cisa3	Lach1	100.000	35	0	0	26	60	687474	687508	1.22e-11	65.8
cisa3	Lach1	95.122	41	2	0	32	72	689796	689756	1.22e-11	65.8
cisa3	Lach1	93.182	44	3	0	22	65	689765	689808	1.22e-11	65.8
cisa3	Lach1	97.368	38	1	0	28	65	907055	907092	1.22e-11	65.8
cisa3	Lach1	93.333	45	2	1	32	76	1003113	1003156	1.22e-11	65.8
cisa3	Lach1	97.368	38	1	0	28	65	1003113	1003150	1.22e-11	65.8
cisa3	Lach1	88.889	54	4	2	22	74	1003119	1003171	1.22e-11	65.8
cisa3	Lach1	100.000	35	0	0	23	57	1066627	1066661	1.22e-11	65.8
cisa3	Lach1	100.000	35	0	0	26	60	1066661	1066627	1.22e-11	65.8
cisa3	Lach1	100.000	35	0	0	24	58	1066661	1066627	1.22e-11	65.8
cisa3	Lach1	100.000	35	0	0	22	56	1066661	1066627	1.22e-11	65.8
cisa3	Lach1	100.000	35	0	0	19	53	1132760	1132794	1.22e-11	65.8
cisa3	Lach1	97.368	38	1	0	22	59	1166279	1166316	1.22e-11	65.8
cisa3	Lach1	97.368	38	1	0	24	61	1166279	1166316	1.22e-11	65.8
cisa3	Lach1	93.182	44	3	0	24	67	1217190	1217147	1.22e-11	65.8
cisa3	Lach1	97.368	38	1	0	26	63	1217157	1217194	1.22e-11	65.8
cisa3	Lach1	95.122	41	2	0	29	69	1251465	1251425	1.22e-11	65.8
cisa3	Lach1	91.667	48	3	1	20	67	1282566	1282520	1.22e-11	65.8
cisa3	Lach1	83.784	74	6	6	22	94	1282530	1282598	1.22e-11	65.8
cisa3	Lach1	83.333	72	10	2	34	105	1297380	1297311	1.22e-11	65.8
cisa3	Lach1	83.824	68	11	0	30	97	1297343	1297410	1.22e-11	65.8
cisa3	Lach1	84.848	66	9	1	30	95	1306891	1306955	1.22e-11	65.8
cisa3	Lach1	97.368	38	1	0	30	67	1354080	1354043	1.22e-11	65.8
cisa3	Lach1	97.368	38	1	0	32	69	1739347	1739384	1.22e-11	65.8
cisa3	Lach1	97.368	38	1	0	24	61	1739384	1739347	1.22e-11	65.8
cisa3	Lach1	97.368	38	1	0	22	59	1739384	1739347	1.22e-11	65.8
cisa3	Lach1	97.368	38	1	0	28	65	1809055	1809018	1.22e-11	65.8
cisa3	Lach1	97.368	38	1	0	21	58	1884425	1884462	1.22e-11	65.8
cisa3	Lach1	100.000	35	0	0	26	60	1884428	1884462	1.22e-11	65.8
cisa3	Lach1	100.000	35	0	0	27	61	1884462	1884428	1.22e-11	65.8
cisa3	Lach1	100.000	35	0	0	25	59	1884462	1884428	1.22e-11	65.8
cisa3	Lach1	100.000	35	0	0	23	57	1884462	1884428	1.22e-11	65.8
cisa3	Lach1	91.667	48	3	1	18	65	2111827	2111781	1.22e-11	65.8
cisa3	Lach1	93.182	44	3	0	22	65	2152529	2152486	1.22e-11	65.8
cisa3	Lach1	88.889	54	5	1	29	81	2456312	2456259	1.22e-11	65.8
cisa3	Lach1	88.889	54	5	1	27	79	2456312	2456259	1.22e-11	65.8
cisa3	Lach1	93.182	44	3	0	22	65	2678633	2678590	1.22e-11	65.8
cisa3	Lach1	93.333	45	1	2	20	64	2719938	2719896	1.22e-11	65.8
cisa3	Lach1	97.368	38	1	0	28	65	2824817	2824854	1.22e-11	65.8
cisa3	Lach1	97.368	38	1	0	29	66	2847810	2847773	1.22e-11	65.8
cisa3	Lach1	97.368	38	1	0	21	58	3283960	3283997	1.22e-11	65.8
cisa3	Lach1	95.122	41	2	0	22	62	3462202	3462162	1.22e-11	65.8
cisa3	Lach1	95.122	41	2	0	27	67	3469304	3469344	1.22e-11	65.8
cisa3	Lach1	93.182	44	3	0	11	54	3632537	3632580	1.22e-11	65.8
cisa3	Lach1	100.000	35	0	0	21	55	4111452	4111486	1.22e-11	65.8
cisa3	Lach1	100.000	35	0	0	21	55	4111487	4111453	1.22e-11	65.8
cisa3	Lach1	81.250	80	15	0	26	105	4399105	4399184	1.22e-11	65.8
cisa3	Lach1	95.122	41	2	0	19	59	4470185	4470225	1.22e-11	65.8
cisa3	Lach1	97.368	38	1	0	24	61	4470225	4470188	1.22e-11	65.8
cisa3	Lach1	93.182	44	3	0	26	69	4791843	4791800	1.22e-11	65.8
cisa3	Lach1	97.368	38	1	0	28	65	5012445	5012408	1.22e-11	65.8
cisa3	Lach1	97.368	38	1	0	18	55	5295100	5295137	1.22e-11	65.8
cisa3	Lach1	93.333	45	1	2	27	70	5664876	5664833	1.22e-11	65.8
cisa3	Lach1	100.000	35	0	0	25	59	5664876	5664842	1.22e-11	65.8
cisa3	Lach1	100.000	35	0	0	23	57	5664876	5664842	1.22e-11	65.8
cisa3	Lach1	97.436	39	0	1	17	54	5741062	5741100	1.22e-11	65.8
cisa3	Lach1	85.075	67	6	4	22	85	5812344	5812279	1.22e-11	65.8
cisa3	Lach1	97.368	38	1	0	22	59	5812346	5812309	1.22e-11	65.8
cisa3	Lach1	97.368	38	1	0	27	64	5896840	5896803	1.22e-11	65.8
cisa3	Lach1	100.000	35	0	0	22	56	5908872	5908838	1.22e-11	65.8
cisa3	Lach1	97.368	38	1	0	30	67	5919295	5919332	1.22e-11	65.8
cisa3	Lach1	95.000	40	2	0	30	69	116446	116485	4.38e-11	63.9
cisa3	Lach1	95.000	40	2	0	32	71	116446	116485	4.38e-11	63.9
cisa3	Lach1	100.000	34	0	0	22	55	116479	116446	4.38e-11	63.9
cisa3	Lach1	100.000	34	0	0	21	54	175016	174983	4.38e-11	63.9
cisa3	Lach1	91.304	46	4	0	22	67	336377	336332	4.38e-11	63.9
cisa3	Lach1	87.273	55	7	0	22	76	375106	375052	4.38e-11	63.9
cisa3	Lach1	93.182	44	2	1	19	62	489178	489136	4.38e-11	63.9
cisa3	Lach1	95.000	40	2	0	32	71	556332	556371	4.38e-11	63.9
cisa3	Lach1	95.000	40	2	0	32	71	598319	598358	4.38e-11	63.9
cisa3	Lach1	100.000	34	0	0	22	55	598352	598319	4.38e-11	63.9
cisa3	Lach1	95.000	40	2	0	30	69	689796	689757	4.38e-11	63.9
cisa3	Lach1	100.000	34	0	0	22	55	689790	689757	4.38e-11	63.9
cisa3	Lach1	88.679	53	5	1	30	81	934256	934308	4.38e-11	63.9
cisa3	Lach1	90.385	52	0	5	7	55	1003162	1003113	4.38e-11	63.9
cisa3	Lach1	100.000	34	0	0	28	61	1066661	1066628	4.38e-11	63.9
cisa3	Lach1	95.000	40	2	0	22	61	1166275	1166314	4.38e-11	63.9
cisa3	Lach1	91.304	46	4	0	22	67	1217190	1217145	4.38e-11	63.9
cisa3	Lach1	100.000	34	0	0	22	55	1217157	1217190	4.38e-11	63.9
cisa3	Lach1	100.000	34	0	0	24	57	1217157	1217190	4.38e-11	63.9
cisa3	Lach1	95.000	40	2	0	26	65	1251425	1251464	4.38e-11	63.9
cisa3	Lach1	91.489	47	3	1	32	78	1306920	1306875	4.38e-11	63.9
cisa3	Lach1	89.796	49	5	0	28	76	1306891	1306939	4.38e-11	63.9
cisa3	Lach1	91.304	46	4	0	26	71	1306891	1306936	4.38e-11	63.9
cisa3	Lach1	95.000	40	2	0	28	67	1354080	1354041	4.38e-11	63.9
cisa3	Lach1	97.297	37	1	0	22	58	1791646	1791682	4.38e-11	63.9
cisa3	Lach1	97.297	37	1	0	24	60	1791646	1791682	4.38e-11	63.9
cisa3	Lach1	97.297	37	1	0	23	59	1791682	1791646	4.38e-11	63.9
cisa3	Lach1	100.000	34	0	0	28	61	1884428	1884461	4.38e-11	63.9
cisa3	Lach1	100.000	34	0	0	22	55	1884461	1884428	4.38e-11	63.9
cisa3	Lach1	95.000	40	2	0	22	61	2111785	2111824	4.38e-11	63.9
cisa3	Lach1	100.000	34	0	0	27	60	2152518	2152485	4.38e-11	63.9
cisa3	Lach1	100.000	34	0	0	25	58	2152518	2152485	4.38e-11	63.9
cisa3	Lach1	100.000	34	0	0	23	56	2152518	2152485	4.38e-11	63.9
cisa3	Lach1	100.000	34	0	0	22	55	2678623	2678590	4.38e-11	63.9
cisa3	Lach1	91.489	47	2	2	19	65	2719895	2719939	4.38e-11	63.9
cisa3	Lach1	85.484	62	7	2	32	92	3200082	3200022	4.38e-11	63.9
cisa3	Lach1	88.679	53	5	1	28	79	3200082	3200030	4.38e-11	63.9
cisa3	Lach1	95.000	40	2	0	21	60	3283958	3283997	4.38e-11	63.9
cisa3	Lach1	97.297	37	1	0	29	65	3283997	3283961	4.38e-11	63.9
cisa3	Lach1	97.297	37	1	0	25	61	3283997	3283961	4.38e-11	63.9
cisa3	Lach1	97.297	37	1	0	23	59	3283997	3283961	4.38e-11	63.9
cisa3	Lach1	93.023	43	3	0	25	67	3469304	3469346	4.38e-11	63.9
cisa3	Lach1	93.182	44	1	2	19	60	3632537	3632580	4.38e-11	63.9
cisa3	Lach1	95.122	41	0	2	28	68	3736254	3736216	4.38e-11	63.9
cisa3	Lach1	100.000	34	0	0	21	54	3736255	3736222	4.38e-11	63.9
cisa3	Lach1	97.297	37	1	0	20	56	4090083	4090119	4.38e-11	63.9
cisa3	Lach1	100.000	34	0	0	25	58	4090086	4090119	4.38e-11	63.9
cisa3	Lach1	100.000	34	0	0	27	60	4090086	4090119	4.38e-11	63.9
cisa3	Lach1	100.000	34	0	0	27	60	4090119	4090086	4.38e-11	63.9
cisa3	Lach1	100.000	34	0	0	25	58	4090119	4090086	4.38e-11	63.9
cisa3	Lach1	100.000	34	0	0	23	56	4090119	4090086	4.38e-11	63.9
cisa3	Lach1	97.297	37	1	0	21	57	4111450	4111486	4.38e-11	63.9
cisa3	Lach1	100.000	34	0	0	26	59	4111453	4111486	4.38e-11	63.9
cisa3	Lach1	100.000	34	0	0	28	61	4111453	4111486	4.38e-11	63.9
cisa3	Lach1	100.000	34	0	0	28	61	4111486	4111453	4.38e-11	63.9
cisa3	Lach1	100.000	34	0	0	26	59	4111486	4111453	4.38e-11	63.9
cisa3	Lach1	100.000	34	0	0	24	57	4111486	4111453	4.38e-11	63.9
cisa3	Lach1	100.000	34	0	0	22	55	4117585	4117552	4.38e-11	63.9
cisa3	Lach1	100.000	34	0	0	22	55	4117560	4117593	4.38e-11	63.9
cisa3	Lach1	91.489	47	3	1	22	67	4461203	4461249	4.38e-11	63.9
cisa3	Lach1	82.432	74	12	1	22	94	4606192	4606265	4.38e-11	63.9
cisa3	Lach1	85.484	62	8	1	33	94	4687946	4687886	4.38e-11	63.9
cisa3	Lach1	85.484	62	7	1	32	93	4791800	4791859	4.38e-11	63.9
cisa3	Lach1	91.304	46	4	0	22	67	4791808	4791853	4.38e-11	63.9
cisa3	Lach1	95.000	40	2	0	22	61	4916695	4916734	4.38e-11	63.9
cisa3	Lach1	95.000	40	2	0	30	69	5012406	5012445	4.38e-11	63.9
cisa3	Lach1	95.000	40	2	0	32	71	5012406	5012445	4.38e-11	63.9
cisa3	Lach1	95.000	40	2	0	32	71	5012445	5012406	4.38e-11	63.9
cisa3	Lach1	95.000	40	2	0	30	69	5012445	5012406	4.38e-11	63.9
cisa3	Lach1	100.000	34	0	0	22	55	5012412	5012445	4.38e-11	63.9
cisa3	Lach1	100.000	34	0	0	20	53	5295139	5295106	4.38e-11	63.9
cisa3	Lach1	86.441	59	7	1	20	77	5391046	5390988	4.38e-11	63.9
cisa3	Lach1	95.000	40	2	0	29	68	5394398	5394359	4.38e-11	63.9
cisa3	Lach1	97.297	37	1	0	25	61	5394359	5394395	4.38e-11	63.9
cisa3	Lach1	100.000	34	0	0	29	62	5424636	5424669	4.38e-11	63.9
cisa3	Lach1	100.000	34	0	0	23	56	5448092	5448125	4.38e-11	63.9
cisa3	Lach1	100.000	34	0	0	25	58	5448092	5448125	4.38e-11	63.9
cisa3	Lach1	100.000	34	0	0	27	60	5448092	5448125	4.38e-11	63.9
cisa3	Lach1	100.000	34	0	0	27	60	5448125	5448092	4.38e-11	63.9
cisa3	Lach1	100.000	34	0	0	25	58	5448125	5448092	4.38e-11	63.9
cisa3	Lach1	100.000	34	0	0	23	56	5448125	5448092	4.38e-11	63.9
cisa3	Lach1	93.023	43	3	0	34	76	5516989	5516947	4.38e-11	63.9
cisa3	Lach1	93.023	43	3	0	33	75	5516947	5516989	4.38e-11	63.9
cisa3	Lach1	100.000	34	0	0	22	55	5516956	5516989	4.38e-11	63.9
cisa3	Lach1	100.000	34	0	0	22	55	5664875	5664842	4.38e-11	63.9
cisa3	Lach1	97.368	38	0	1	21	58	5669635	5669671	4.38e-11	63.9
cisa3	Lach1	100.000	34	0	0	20	53	5669669	5669636	4.38e-11	63.9
cisa3	Lach1	97.297	37	1	0	29	65	5727882	5727846	4.38e-11	63.9
cisa3	Lach1	97.297	37	1	0	29	65	5850794	5850758	4.38e-11	63.9
cisa3	Lach1	100.000	34	0	0	28	61	5850758	5850791	4.38e-11	63.9
cisa3	Lach1	95.122	41	1	1	18	58	5883223	5883184	4.38e-11	63.9
cisa3	Lach1	87.273	55	7	0	19	73	5896791	5896845	4.38e-11	63.9
cisa3	Lach1	97.297	37	1	0	29	65	5896840	5896804	4.38e-11	63.9
cisa3	Lach1	91.489	47	3	1	21	67	5919289	5919334	4.38e-11	63.9
cisa3	Lach1	100.000	33	0	0	23	55	174983	175015	1.58e-10	62.1
cisa3	Lach1	100.000	33	0	0	25	57	174983	175015	1.58e-10	62.1
cisa3	Lach1	100.000	33	0	0	27	59	174983	175015	1.58e-10	62.1
cisa3	Lach1	100.000	33	0	0	29	61	174983	175015	1.58e-10	62.1
cisa3	Lach1	100.000	33	0	0	28	60	175015	174983	1.58e-10	62.1
cisa3	Lach1	100.000	33	0	0	26	58	175015	174983	1.58e-10	62.1
cisa3	Lach1	100.000	33	0	0	24	56	175015	174983	1.58e-10	62.1
cisa3	Lach1	100.000	33	0	0	22	54	336354	336386	1.58e-10	62.1
cisa3	Lach1	97.222	36	1	0	30	65	410085	410120	1.58e-10	62.1
cisa3	Lach1	97.222	36	1	0	30	65	410120	410085	1.58e-10	62.1
cisa3	Lach1	89.583	48	5	0	22	69	556369	556322	1.58e-10	62.1
cisa3	Lach1	100.000	33	0	0	22	54	598327	598359	1.58e-10	62.1
cisa3	Lach1	94.872	39	2	0	32	70	907055	907093	1.58e-10	62.1
cisa3	Lach1	94.872	39	2	0	33	71	907093	907055	1.58e-10	62.1
cisa3	Lach1	94.872	39	2	0	31	69	907093	907055	1.58e-10	62.1
cisa3	Lach1	100.000	33	0	0	22	54	907061	907093	1.58e-10	62.1
cisa3	Lach1	92.857	42	3	0	21	62	1031843	1031884	1.58e-10	62.1
cisa3	Lach1	100.000	33	0	0	21	53	1132795	1132763	1.58e-10	62.1
cisa3	Lach1	92.857	42	3	0	24	65	1166275	1166316	1.58e-10	62.1
cisa3	Lach1	97.222	36	1	0	32	67	1217157	1217192	1.58e-10	62.1
cisa3	Lach1	97.222	36	1	0	30	65	1297380	1297345	1.58e-10	62.1
cisa3	Lach1	89.796	49	4	1	19	67	1354086	1354039	1.58e-10	62.1
cisa3	Lach1	97.222	36	1	0	26	61	1791646	1791681	1.58e-10	62.1
cisa3	Lach1	97.222	36	1	0	22	57	1791681	1791646	1.58e-10	62.1
cisa3	Lach1	94.872	39	2	0	34	72	1809055	1809017	1.58e-10	62.1
cisa3	Lach1	100.000	33	0	0	21	53	1826953	1826921	1.58e-10	62.1
cisa3	Lach1	100.000	33	0	0	23	55	1858915	1858947	1.58e-10	62.1
cisa3	Lach1	100.000	33	0	0	29	61	1858915	1858947	1.58e-10	62.1
cisa3	Lach1	100.000	33	0	0	28	60	1858947	1858915	1.58e-10	62.1
cisa3	Lach1	100.000	33	0	0	22	54	1858947	1858915	1.58e-10	62.1
cisa3	Lach1	94.872	39	2	0	22	60	2111787	2111825	1.58e-10	62.1
cisa3	Lach1	87.037	54	7	0	31	84	2152485	2152538	1.58e-10	62.1
cisa3	Lach1	100.000	33	0	0	22	54	2152517	2152485	1.58e-10	62.1
cisa3	Lach1	92.857	42	3	0	22	63	2678596	2678637	1.58e-10	62.1
cisa3	Lach1	94.872	39	2	0	32	70	2824817	2824855	1.58e-10	62.1
cisa3	Lach1	94.872	39	2	0	33	71	2824855	2824817	1.58e-10	62.1
cisa3	Lach1	94.872	39	2	0	31	69	2824855	2824817	1.58e-10	62.1
cisa3	Lach1	100.000	33	0	0	22	54	2824823	2824855	1.58e-10	62.1
cisa3	Lach1	97.222	36	1	0	30	65	2847774	2847809	1.58e-10	62.1
cisa3	Lach1	97.222	36	1	0	26	61	3283961	3283996	1.58e-10	62.1
cisa3	Lach1	97.222	36	1	0	22	57	3283996	3283961	1.58e-10	62.1
cisa3	Lach1	100.000	33	0	0	23	55	3469304	3469336	1.58e-10	62.1
cisa3	Lach1	100.000	33	0	0	28	60	3469336	3469304	1.58e-10	62.1
cisa3	Lach1	100.000	33	0	0	26	58	3469336	3469304	1.58e-10	62.1
cisa3	Lach1	100.000	33	0	0	24	56	3469336	3469304	1.58e-10	62.1
cisa3	Lach1	100.000	33	0	0	22	54	3469336	3469304	1.58e-10	62.1
cisa3	Lach1	97.297	37	0	1	29	65	3632580	3632545	1.58e-10	62.1
cisa3	Lach1	97.297	37	0	1	25	61	3632580	3632545	1.58e-10	62.1
cisa3	Lach1	97.297	37	0	1	23	59	3632580	3632545	1.58e-10	62.1
cisa3	Lach1	91.489	47	0	4	24	68	3736254	3736210	1.58e-10	62.1
cisa3	Lach1	97.222	36	1	0	20	55	3736219	3736254	1.58e-10	62.1
cisa3	Lach1	100.000	33	0	0	25	57	3736222	3736254	1.58e-10	62.1
cisa3	Lach1	100.000	33	0	0	27	59	3736222	3736254	1.58e-10	62.1
cisa3	Lach1	100.000	33	0	0	29	61	3736222	3736254	1.58e-10	62.1
cisa3	Lach1	95.000	40	1	1	23	61	4090079	4090118	1.58e-10	62.1
cisa3	Lach1	95.000	40	1	1	22	60	4090118	4090079	1.58e-10	62.1
cisa3	Lach1	100.000	33	0	0	29	61	4090119	4090087	1.58e-10	62.1
cisa3	Lach1	92.857	42	3	0	34	75	4117593	4117552	1.58e-10	62.1
cisa3	Lach1	92.857	42	3	0	34	75	4117552	4117593	1.58e-10	62.1
cisa3	Lach1	91.304	46	3	1	23	67	4461206	4461251	1.58e-10	62.1
cisa3	Lach1	100.000	33	0	0	22	54	4470219	4470187	1.58e-10	62.1
cisa3	Lach1	97.222	36	1	0	30	65	4606219	4606184	1.58e-10	62.1
cisa3	Lach1	86.207	58	6	2	18	74	4687948	4687892	1.58e-10	62.1
cisa3	Lach1	93.023	43	2	1	22	63	5125825	5125783	1.58e-10	62.1
cisa3	Lach1	91.111	45	4	0	23	67	5320075	5320031	1.58e-10	62.1
cisa3	Lach1	88.462	52	5	1	28	79	5320043	5320093	1.58e-10	62.1
cisa3	Lach1	97.222	36	1	0	21	56	5391006	5391041	1.58e-10	62.1
cisa3	Lach1	100.000	33	0	0	23	55	5424636	5424668	1.58e-10	62.1
cisa3	Lach1	100.000	33	0	0	25	57	5424636	5424668	1.58e-10	62.1
cisa3	Lach1	100.000	33	0	0	27	59	5424636	5424668	1.58e-10	62.1
cisa3	Lach1	100.000	33	0	0	28	60	5424668	5424636	1.58e-10	62.1
cisa3	Lach1	100.000	33	0	0	26	58	5424668	5424636	1.58e-10	62.1
cisa3	Lach1	100.000	33	0	0	24	56	5424668	5424636	1.58e-10	62.1
cisa3	Lach1	100.000	33	0	0	22	54	5424668	5424636	1.58e-10	62.1
cisa3	Lach1	100.000	33	0	0	29	61	5448092	5448124	1.58e-10	62.1
cisa3	Lach1	100.000	33	0	0	22	54	5448124	5448092	1.58e-10	62.1
cisa3	Lach1	100.000	33	0	0	22	54	5448093	5448125	1.58e-10	62.1
cisa3	Lach1	100.000	33	0	0	29	61	5448125	5448093	1.58e-10	62.1
cisa3	Lach1	95.000	40	1	1	17	55	5499690	5499651	1.58e-10	62.1
cisa3	Lach1	97.297	37	0	1	25	61	5669671	5669636	1.58e-10	62.1
cisa3	Lach1	94.872	39	2	0	31	69	5684833	5684871	1.58e-10	62.1
cisa3	Lach1	97.222	36	1	0	30	65	5727846	5727881	1.58e-10	62.1
cisa3	Lach1	100.000	33	0	0	26	58	5741068	5741100	1.58e-10	62.1
cisa3	Lach1	100.000	33	0	0	28	60	5741068	5741100	1.58e-10	62.1
cisa3	Lach1	100.000	33	0	0	29	61	5741100	5741068	1.58e-10	62.1
cisa3	Lach1	100.000	33	0	0	27	59	5741100	5741068	1.58e-10	62.1
cisa3	Lach1	100.000	33	0	0	25	57	5741100	5741068	1.58e-10	62.1
cisa3	Lach1	100.000	33	0	0	23	55	5741100	5741068	1.58e-10	62.1
cisa3	Lach1	97.222	36	1	0	30	65	5850758	5850793	1.58e-10	62.1
cisa3	Lach1	100.000	33	0	0	22	54	5850762	5850794	1.58e-10	62.1
cisa3	Lach1	100.000	33	0	0	20	52	5865615	5865583	1.58e-10	62.1
cisa3	Lach1	100.000	33	0	0	23	55	5883184	5883216	1.58e-10	62.1
cisa3	Lach1	100.000	33	0	0	25	57	5883184	5883216	1.58e-10	62.1
cisa3	Lach1	100.000	33	0	0	27	59	5883184	5883216	1.58e-10	62.1
cisa3	Lach1	100.000	33	0	0	29	61	5883184	5883216	1.58e-10	62.1
cisa3	Lach1	100.000	33	0	0	28	60	5883216	5883184	1.58e-10	62.1
cisa3	Lach1	97.222	36	1	0	20	55	5919291	5919326	1.58e-10	62.1
cisa3	Lach1	97.143	35	1	0	19	53	174981	175015	5.67e-10	60.2
cisa3	Lach1	100.000	32	0	0	30	61	175015	174984	5.67e-10	60.2
cisa3	Lach1	97.143	35	1	0	20	54	312437	312471	5.67e-10	60.2
cisa3	Lach1	100.000	32	0	0	31	62	487027	487058	5.67e-10	60.2
cisa3	Lach1	94.737	38	2	0	19	56	489134	489171	5.67e-10	60.2
cisa3	Lach1	97.143	35	1	0	24	58	489137	489171	5.67e-10	60.2
cisa3	Lach1	97.143	35	1	0	26	60	489137	489171	5.67e-10	60.2
cisa3	Lach1	94.737	38	2	0	28	65	556332	556369	5.67e-10	60.2
cisa3	Lach1	97.143	35	1	0	21	55	556366	556332	5.67e-10	60.2
cisa3	Lach1	88.235	51	5	1	16	65	687457	687507	5.67e-10	60.2
cisa3	Lach1	94.737	38	2	0	34	71	689757	689794	5.67e-10	60.2
cisa3	Lach1	94.737	38	2	0	34	71	907055	907092	5.67e-10	60.2
cisa3	Lach1	100.000	32	0	0	22	53	907086	907055	5.67e-10	60.2
cisa3	Lach1	97.143	35	1	0	33	67	953057	953091	5.67e-10	60.2
cisa3	Lach1	100.000	32	0	0	24	55	1132763	1132794	5.67e-10	60.2
cisa3	Lach1	100.000	32	0	0	26	57	1132763	1132794	5.67e-10	60.2
cisa3	Lach1	100.000	32	0	0	28	59	1132763	1132794	5.67e-10	60.2
cisa3	Lach1	100.000	32	0	0	30	61	1132763	1132794	5.67e-10	60.2
cisa3	Lach1	100.000	32	0	0	30	61	1132794	1132763	5.67e-10	60.2
cisa3	Lach1	100.000	32	0	0	28	59	1132794	1132763	5.67e-10	60.2
cisa3	Lach1	100.000	32	0	0	26	57	1132794	1132763	5.67e-10	60.2
cisa3	Lach1	89.583	48	4	1	19	65	1166267	1166314	5.67e-10	60.2
cisa3	Lach1	94.737	38	2	0	22	59	1166312	1166275	5.67e-10	60.2
cisa3	Lach1	83.099	71	7	4	22	89	1251458	1251390	5.67e-10	60.2
cisa3	Lach1	92.683	41	3	0	30	70	1251425	1251465	5.67e-10	60.2
cisa3	Lach1	97.222	36	0	1	22	56	1303775	1303740	5.67e-10	60.2
cisa3	Lach1	80.247	81	15	1	21	100	1306890	1306970	5.67e-10	60.2
cisa3	Lach1	100.000	32	0	0	22	53	1354049	1354080	5.67e-10	60.2
cisa3	Lach1	100.000	32	0	0	24	55	1354049	1354080	5.67e-10	60.2
cisa3	Lach1	100.000	32	0	0	26	57	1354049	1354080	5.67e-10	60.2
cisa3	Lach1	100.000	32	0	0	28	59	1354049	1354080	5.67e-10	60.2
cisa3	Lach1	100.000	32	0	0	30	61	1354049	1354080	5.67e-10	60.2
cisa3	Lach1	97.143	35	1	0	19	53	1623143	1623109	5.67e-10	60.2
cisa3	Lach1	85.246	61	5	3	27	83	1730140	1730080	5.67e-10	60.2
cisa3	Lach1	94.737	38	2	0	28	65	1739384	1739347	5.67e-10	60.2
cisa3	Lach1	100.000	32	0	0	22	53	1739378	1739347	5.67e-10	60.2
cisa3	Lach1	97.143	35	1	0	20	54	1786169	1786135	5.67e-10	60.2
cisa3	Lach1	94.737	38	2	0	32	69	1809018	1809055	5.67e-10	60.2
cisa3	Lach1	94.737	38	2	0	34	71	1809018	1809055	5.67e-10	60.2
cisa3	Lach1	94.737	38	2	0	32	69	1809055	1809018	5.67e-10	60.2
cisa3	Lach1	100.000	32	0	0	22	53	1809049	1809018	5.67e-10	60.2
cisa3	Lach1	100.000	32	0	0	22	53	1809024	1809055	5.67e-10	60.2
cisa3	Lach1	100.000	32	0	0	22	53	1826921	1826952	5.67e-10	60.2
cisa3	Lach1	100.000	32	0	0	24	55	1826921	1826952	5.67e-10	60.2
cisa3	Lach1	100.000	32	0	0	26	57	1826921	1826952	5.67e-10	60.2
cisa3	Lach1	100.000	32	0	0	28	59	1826921	1826952	5.67e-10	60.2
cisa3	Lach1	100.000	32	0	0	30	61	1826921	1826952	5.67e-10	60.2
cisa3	Lach1	100.000	32	0	0	30	61	1826952	1826921	5.67e-10	60.2
cisa3	Lach1	100.000	32	0	0	28	59	1826952	1826921	5.67e-10	60.2
cisa3	Lach1	100.000	32	0	0	26	57	1826952	1826921	5.67e-10	60.2
cisa3	Lach1	100.000	32	0	0	24	55	1826952	1826921	5.67e-10	60.2
cisa3	Lach1	97.143	35	1	0	31	65	1884462	1884428	5.67e-10	60.2
cisa3	Lach1	100.000	32	0	0	23	54	1925532	1925563	5.67e-10	60.2
cisa3	Lach1	100.000	32	0	0	25	56	1925532	1925563	5.67e-10	60.2
cisa3	Lach1	100.000	32	0	0	27	58	1925532	1925563	5.67e-10	60.2
cisa3	Lach1	100.000	32	0	0	29	60	1925532	1925563	5.67e-10	60.2
cisa3	Lach1	100.000	32	0	0	29	60	1925563	1925532	5.67e-10	60.2
cisa3	Lach1	100.000	32	0	0	27	58	1925563	1925532	5.67e-10	60.2
cisa3	Lach1	100.000	32	0	0	25	56	1925563	1925532	5.67e-10	60.2
cisa3	Lach1	100.000	32	0	0	23	54	1925563	1925532	5.67e-10	60.2
cisa3	Lach1	90.909	44	4	0	32	75	2678590	2678633	5.67e-10	60.2
cisa3	Lach1	90.909	44	4	0	26	69	2678633	2678590	5.67e-10	60.2
cisa3	Lach1	94.737	38	2	0	34	71	2824817	2824854	5.67e-10	60.2
cisa3	Lach1	100.000	32	0	0	22	53	2824848	2824817	5.67e-10	60.2
cisa3	Lach1	97.143	35	1	0	21	55	3200048	3200082	5.67e-10	60.2
cisa3	Lach1	97.143	35	1	0	28	62	3200049	3200083	5.67e-10	60.2
cisa3	Lach1	100.000	32	0	0	22	53	3462196	3462165	5.67e-10	60.2
cisa3	Lach1	100.000	32	0	0	22	53	3469305	3469336	5.67e-10	60.2
cisa3	Lach1	100.000	32	0	0	30	61	3469336	3469305	5.67e-10	60.2
cisa3	Lach1	97.143	35	1	0	33	67	3753731	3753765	5.67e-10	60.2
cisa3	Lach1	97.143	35	1	0	33	67	3986844	3986878	5.67e-10	60.2
cisa3	Lach1	94.737	38	2	0	28	65	4470225	4470188	5.67e-10	60.2
cisa3	Lach1	94.737	38	2	0	22	59	4606182	4606219	5.67e-10	60.2
cisa3	Lach1	94.737	38	2	0	24	61	4606182	4606219	5.67e-10	60.2
cisa3	Lach1	94.737	38	2	0	34	71	4606219	4606182	5.67e-10	60.2
cisa3	Lach1	100.000	32	0	0	22	53	4613056	4613087	5.67e-10	60.2
cisa3	Lach1	100.000	32	0	0	30	61	4698182	4698151	5.67e-10	60.2
cisa3	Lach1	100.000	32	0	0	28	59	4698182	4698151	5.67e-10	60.2
cisa3	Lach1	100.000	32	0	0	26	57	4698182	4698151	5.67e-10	60.2
cisa3	Lach1	100.000	32	0	0	24	55	4698182	4698151	5.67e-10	60.2
cisa3	Lach1	100.000	32	0	0	22	53	4698182	4698151	5.67e-10	60.2
cisa3	Lach1	100.000	32	0	0	22	53	4791831	4791800	5.67e-10	60.2
cisa3	Lach1	100.000	32	0	0	31	62	5076837	5076806	5.67e-10	60.2
cisa3	Lach1	100.000	32	0	0	28	59	5295106	5295137	5.67e-10	60.2
cisa3	Lach1	100.000	32	0	0	30	61	5295106	5295137	5.67e-10	60.2
cisa3	Lach1	100.000	32	0	0	30	61	5295137	5295106	5.67e-10	60.2
cisa3	Lach1	100.000	32	0	0	28	59	5295137	5295106	5.67e-10	60.2
cisa3	Lach1	100.000	32	0	0	26	57	5295137	5295106	5.67e-10	60.2
cisa3	Lach1	100.000	32	0	0	21	52	5303690	5303659	5.67e-10	60.2
cisa3	Lach1	100.000	32	0	0	22	53	5320074	5320043	5.67e-10	60.2
cisa3	Lach1	97.143	35	1	0	26	60	5391007	5391041	5.67e-10	60.2
cisa3	Lach1	97.143	35	1	0	22	56	5394393	5394359	5.67e-10	60.2
cisa3	Lach1	100.000	32	0	0	22	53	5424637	5424668	5.67e-10	60.2
cisa3	Lach1	100.000	32	0	0	30	61	5424668	5424637	5.67e-10	60.2
cisa3	Lach1	100.000	32	0	0	22	53	5499651	5499682	5.67e-10	60.2
cisa3	Lach1	100.000	32	0	0	24	55	5499651	5499682	5.67e-10	60.2
cisa3	Lach1	100.000	32	0	0	26	57	5499651	5499682	5.67e-10	60.2
cisa3	Lach1	100.000	32	0	0	28	59	5499651	5499682	5.67e-10	60.2
cisa3	Lach1	100.000	32	0	0	30	61	5499651	5499682	5.67e-10	60.2
cisa3	Lach1	100.000	32	0	0	30	61	5499682	5499651	5.67e-10	60.2
cisa3	Lach1	100.000	32	0	0	28	59	5499682	5499651	5.67e-10	60.2
cisa3	Lach1	100.000	32	0	0	26	57	5499682	5499651	5.67e-10	60.2
cisa3	Lach1	100.000	32	0	0	30	61	5664842	5664873	5.67e-10	60.2
cisa3	Lach1	97.222	36	0	1	30	65	5669636	5669670	5.67e-10	60.2
cisa3	Lach1	100.000	32	0	0	28	59	5669636	5669667	5.67e-10	60.2
cisa3	Lach1	100.000	32	0	0	24	55	5669667	5669636	5.67e-10	60.2
cisa3	Lach1	92.683	41	3	0	27	67	5684833	5684873	5.67e-10	60.2
cisa3	Lach1	100.000	32	0	0	30	61	5741068	5741099	5.67e-10	60.2
cisa3	Lach1	100.000	32	0	0	22	53	5741099	5741068	5.67e-10	60.2
cisa3	Lach1	100.000	32	0	0	22	53	5850789	5850758	5.67e-10	60.2
cisa3	Lach1	100.000	32	0	0	22	53	5883185	5883216	5.67e-10	60.2
cisa3	Lach1	100.000	32	0	0	30	61	5883216	5883185	5.67e-10	60.2
cisa3	Lach1	94.737	38	2	0	33	70	5896840	5896803	5.67e-10	60.2
cisa3	Lach1	94.872	39	1	1	31	68	5908873	5908835	5.67e-10	60.2
cisa3	Lach1	100.000	32	0	0	30	61	5919326	5919295	5.67e-10	60.2
cisa3	Lach1	100.000	32	0	0	28	59	5919326	5919295	5.67e-10	60.2
cisa3	Lach1	100.000	32	0	0	26	57	5919326	5919295	5.67e-10	60.2
cisa3	Lach1	100.000	32	0	0	24	55	5919326	5919295	5.67e-10	60.2
cisa3	Lach1	100.000	32	0	0	22	53	5919326	5919295	5.67e-10	60.2
cisa3	Lach2	93.846	65	4	0	21	85	2080649	2080713	1.20e-21	99.0
cisa3	Lach2	93.846	65	4	0	21	85	2080716	2080652	1.20e-21	99.0
cisa3	Lach2	93.750	64	4	0	22	85	2080713	2080650	4.32e-21	97.1
cisa3	Lach2	96.552	58	2	0	22	79	2080707	2080650	4.32e-21	97.1
cisa3	Lach2	93.750	64	4	0	22	85	2080652	2080715	4.32e-21	97.1
cisa3	Lach2	91.304	69	6	0	21	89	2080647	2080715	1.55e-20	95.3
cisa3	Lach2	91.429	70	5	1	20	89	2080718	2080650	1.55e-20	95.3
cisa3	Lach2	94.828	58	3	0	22	79	2080658	2080715	2.01e-19	91.6
cisa3	Lach2	94.643	56	3	0	30	85	2080715	2080660	2.60e-18	87.9
cisa3	Lach2	96.154	52	2	0	28	79	1685950	1686001	9.35e-18	86.1
cisa3	Lach2	90.625	64	6	0	32	95	2080715	2080652	9.35e-18	86.1
cisa3	Lach2	97.917	48	1	0	22	69	2304460	2304507	3.36e-17	84.2
cisa3	Lach2	84.884	86	10	3	22	105	2544291	2544207	3.36e-17	84.2
cisa3	Lach2	89.552	67	4	3	28	93	1392442	1392378	1.21e-16	82.4
cisa3	Lach2	96.000	50	2	0	22	71	2080701	2080652	1.21e-16	82.4
cisa3	Lach2	96.000	50	2	0	22	71	2080664	2080713	1.21e-16	82.4
cisa3	Lach2	96.000	50	2	0	22	71	2080666	2080715	1.21e-16	82.4
cisa3	Lach2	97.872	47	1	0	21	67	2304455	2304501	1.21e-16	82.4
cisa3	Lach2	95.918	49	2	0	22	70	216891	216843	4.35e-16	80.5
cisa3	Lach2	97.826	46	1	0	22	67	216852	216897	4.35e-16	80.5
cisa3	Lach2	97.826	46	1	0	22	67	1315991	1315946	4.35e-16	80.5
cisa3	Lach2	94.231	52	3	0	34	85	1685950	1686001	4.35e-16	80.5
cisa3	Lach2	87.143	70	9	0	26	95	2304452	2304521	4.35e-16	80.5
cisa3	Lach2	88.060	67	8	0	22	88	2304458	2304524	4.35e-16	80.5
cisa3	Lach2	94.231	52	3	0	22	73	2844873	2844822	4.35e-16	80.5
cisa3	Lach2	89.062	64	6	1	24	87	1392442	1392380	1.56e-15	78.7
cisa3	Lach2	86.486	74	6	4	21	93	1524670	1524600	1.56e-15	78.7
cisa3	Lach2	94.118	51	3	0	21	71	1685949	1685999	1.56e-15	78.7
cisa3	Lach2	95.833	48	2	0	22	69	2080697	2080650	1.56e-15	78.7
cisa3	Lach2	92.593	54	4	0	22	75	2080672	2080725	1.56e-15	78.7
cisa3	Lach2	95.833	48	2	0	22	69	2304499	2304452	1.56e-15	78.7
cisa3	Lach2	95.833	48	2	0	22	69	2304464	2304511	1.56e-15	78.7
cisa3	Lach2	95.833	48	2	0	20	67	2456705	2456752	1.56e-15	78.7
cisa3	Lach2	100.000	42	0	0	26	67	2547769	2547728	1.56e-15	78.7
cisa3	Lach2	88.889	63	5	2	23	84	724977	724916	5.63e-15	76.8
cisa3	Lach2	97.727	44	1	0	24	67	1315993	1315950	5.63e-15	76.8
cisa3	Lach2	100.000	41	0	0	22	62	1315954	1315994	5.63e-15	76.8
cisa3	Lach2	100.000	41	0	0	21	61	1547800	1547840	5.63e-15	76.8
cisa3	Lach2	100.000	41	0	0	21	61	1547841	1547801	5.63e-15	76.8
cisa3	Lach2	94.000	50	3	0	22	71	2080699	2080650	5.63e-15	76.8
cisa3	Lach2	85.135	74	11	0	21	94	2304451	2304524	5.63e-15	76.8
cisa3	Lach2	91.228	57	3	1	22	76	2544252	2544308	5.63e-15	76.8
cisa3	Lach2	91.228	57	3	1	26	80	2544252	2544308	5.63e-15	76.8
cisa3	Lach2	95.745	47	2	0	21	67	2547770	2547724	5.63e-15	76.8
cisa3	Lach2	86.765	68	9	0	26	93	2844873	2844806	5.63e-15	76.8
cisa3	Lach2	92.453	53	3	1	32	84	216891	216840	2.02e-14	75.0
cisa3	Lach2	92.453	53	3	1	28	80	216891	216840	2.02e-14	75.0
cisa3	Lach2	95.652	46	2	0	22	67	216848	216893	2.02e-14	75.0
cisa3	Lach2	95.652	46	2	0	22	67	216854	216899	2.02e-14	75.0
cisa3	Lach2	93.878	49	3	0	19	67	1111656	1111704	2.02e-14	75.0
cisa3	Lach2	95.652	46	2	0	22	67	1111663	1111708	2.02e-14	75.0
cisa3	Lach2	95.652	46	2	0	22	67	1315989	1315944	2.02e-14	75.0
cisa3	Lach2	95.652	46	2	0	22	67	1315993	1315948	2.02e-14	75.0
cisa3	Lach2	97.674	43	1	0	24	66	1315952	1315994	2.02e-14	75.0
cisa3	Lach2	100.000	40	0	0	22	61	1315952	1315991	2.02e-14	75.0
cisa3	Lach2	100.000	40	0	0	24	63	1432466	1432505	2.02e-14	75.0
cisa3	Lach2	90.909	55	5	0	21	75	1685947	1686001	2.02e-14	75.0
cisa3	Lach2	92.308	52	4	0	22	73	1685952	1686003	2.02e-14	75.0
cisa3	Lach2	97.674	43	1	0	25	67	1971841	1971799	2.02e-14	75.0
cisa3	Lach2	100.000	40	0	0	22	61	2333564	2333603	2.02e-14	75.0
cisa3	Lach2	100.000	40	0	0	22	61	2333603	2333564	2.02e-14	75.0
cisa3	Lach2	83.750	80	11	2	22	99	2544299	2544220	2.02e-14	75.0
cisa3	Lach2	87.879	66	5	2	22	84	2544243	2544308	2.02e-14	75.0
cisa3	Lach2	95.652	46	2	0	22	67	2844836	2844881	2.02e-14	75.0
cisa3	Lach2	87.500	64	7	1	20	83	724975	724913	7.28e-14	73.1
cisa3	Lach2	95.556	45	2	0	23	67	1111666	1111710	7.28e-14	73.1
cisa3	Lach2	84.146	82	6	7	14	94	1281568	1281493	7.28e-14	73.1
cisa3	Lach2	93.750	48	3	0	30	77	1561527	1561574	7.28e-14	73.1
cisa3	Lach2	100.000	39	0	0	21	59	1666590	1666552	7.28e-14	73.1
cisa3	Lach2	95.556	45	2	0	23	67	1971841	1971797	7.28e-14	73.1
cisa3	Lach2	93.750	48	3	0	28	75	2304499	2304452	7.28e-14	73.1
cisa3	Lach2	100.000	39	0	0	23	61	2333563	2333601	7.28e-14	73.1
cisa3	Lach2	100.000	39	0	0	22	60	2333601	2333563	7.28e-14	73.1
cisa3	Lach2	97.619	42	1	0	22	63	2333566	2333607	7.28e-14	73.1
cisa3	Lach2	87.500	64	7	1	22	84	2456744	2456681	7.28e-14	73.1
cisa3	Lach2	95.455	44	2	0	22	65	1111702	1111659	2.62e-13	71.3
cisa3	Lach2	93.617	47	3	0	25	71	1129991	1129945	2.62e-13	71.3
cisa3	Lach2	93.617	47	3	0	23	69	1129991	1129945	2.62e-13	71.3
cisa3	Lach2	92.157	51	3	1	18	67	1214208	1214158	2.62e-13	71.3
cisa3	Lach2	97.561	41	1	0	23	63	1281552	1281512	2.62e-13	71.3
cisa3	Lach2	90.741	54	4	1	23	75	1281515	1281568	2.62e-13	71.3
cisa3	Lach2	100.000	38	0	0	22	59	1432466	1432503	2.62e-13	71.3
cisa3	Lach2	100.000	38	0	0	24	61	1432503	1432466	2.62e-13	71.3
cisa3	Lach2	100.000	38	0	0	22	59	1432503	1432466	2.62e-13	71.3
cisa3	Lach2	100.000	38	0	0	25	62	1555545	1555582	2.62e-13	71.3
cisa3	Lach2	93.750	48	2	1	22	69	1666552	1666598	2.62e-13	71.3
cisa3	Lach2	100.000	38	0	0	24	61	1666589	1666552	2.62e-13	71.3
cisa3	Lach2	92.000	50	4	0	22	71	1685999	1685950	2.62e-13	71.3
cisa3	Lach2	95.455	44	2	0	22	65	1685993	1685950	2.62e-13	71.3
cisa3	Lach2	100.000	38	0	0	22	59	1685987	1685950	2.62e-13	71.3
cisa3	Lach2	97.561	41	1	0	21	61	1865386	1865426	2.62e-13	71.3
cisa3	Lach2	97.561	41	1	0	21	61	1865427	1865387	2.62e-13	71.3
cisa3	Lach2	86.567	67	6	3	27	92	1947855	1947919	2.62e-13	71.3
cisa3	Lach2	100.000	38	0	0	22	59	2080678	2080715	2.62e-13	71.3
cisa3	Lach2	100.000	38	0	0	22	59	2304493	2304456	2.62e-13	71.3
cisa3	Lach2	97.561	41	1	0	22	62	2496486	2496446	2.62e-13	71.3
cisa3	Lach2	100.000	38	0	0	23	60	2496450	2496487	2.62e-13	71.3
cisa3	Lach2	100.000	38	0	0	23	60	2496487	2496450	2.62e-13	71.3
cisa3	Lach2	87.302	63	6	1	31	93	2600353	2600293	2.62e-13	71.3
cisa3	Lach2	100.000	37	0	0	32	68	159502	159466	9.41e-13	69.4
cisa3	Lach2	90.385	52	5	0	20	71	216840	216891	9.41e-13	69.4
cisa3	Lach2	93.478	46	3	0	22	67	216856	216901	9.41e-13	69.4
cisa3	Lach2	91.837	49	4	0	19	67	1111664	1111712	9.41e-13	69.4
cisa3	Lach2	97.561	41	0	1	22	61	1281518	1281558	9.41e-13	69.4
cisa3	Lach2	93.478	46	3	0	22	67	1315987	1315942	9.41e-13	69.4
cisa3	Lach2	97.500	40	1	0	28	67	1432466	1432505	9.41e-13	69.4
cisa3	Lach2	100.000	37	0	0	21	57	1503618	1503654	9.41e-13	69.4
cisa3	Lach2	97.500	40	1	0	20	59	1503658	1503619	9.41e-13	69.4
cisa3	Lach2	92.157	51	1	3	13	60	1543022	1543072	9.41e-13	69.4
cisa3	Lach2	100.000	37	0	0	25	61	1543072	1543036	9.41e-13	69.4
cisa3	Lach2	100.000	37	0	0	23	59	1543072	1543036	9.41e-13	69.4
cisa3	Lach2	97.500	40	1	0	26	65	1547801	1547840	9.41e-13	69.4
cisa3	Lach2	97.500	40	1	0	26	65	1547840	1547801	9.41e-13	69.4
cisa3	Lach2	100.000	37	0	0	23	59	1555545	1555581	9.41e-13	69.4
cisa3	Lach2	100.000	37	0	0	24	60	1555581	1555545	9.41e-13	69.4
cisa3	Lach2	100.000	37	0	0	22	58	1555581	1555545	9.41e-13	69.4
cisa3	Lach2	93.478	46	3	0	20	65	1666597	1666552	9.41e-13	69.4
cisa3	Lach2	100.000	37	0	0	22	58	1971805	1971841	9.41e-13	69.4
cisa3	Lach2	100.000	37	0	0	24	60	1971805	1971841	9.41e-13	69.4
cisa3	Lach2	97.500	40	1	0	22	61	2080689	2080650	9.41e-13	69.4
cisa3	Lach2	97.500	40	1	0	22	61	2080691	2080652	9.41e-13	69.4
cisa3	Lach2	97.500	40	1	0	22	61	2304491	2304452	9.41e-13	69.4
cisa3	Lach2	93.478	46	3	0	22	67	2304468	2304513	9.41e-13	69.4
cisa3	Lach2	95.349	43	2	0	31	73	2333563	2333605	9.41e-13	69.4
cisa3	Lach2	97.500	40	1	0	26	65	2333603	2333564	9.41e-13	69.4
cisa3	Lach2	97.500	40	1	0	28	67	2388633	2388594	9.41e-13	69.4
cisa3	Lach2	97.500	40	1	0	28	67	2456707	2456746	9.41e-13	69.4
cisa3	Lach2	93.478	46	3	0	22	67	2456709	2456754	9.41e-13	69.4
cisa3	Lach2	97.500	40	1	0	22	61	2496447	2496486	9.41e-13	69.4
cisa3	Lach2	100.000	37	0	0	22	58	2496451	2496487	9.41e-13	69.4
cisa3	Lach2	100.000	37	0	0	25	61	2496487	2496451	9.41e-13	69.4
cisa3	Lach2	97.500	40	1	0	20	59	2539570	2539609	9.41e-13	69.4
cisa3	Lach2	89.286	56	5	1	20	75	2540717	2540771	9.41e-13	69.4
cisa3	Lach2	92.000	50	2	2	22	69	2544283	2544234	9.41e-13	69.4
cisa3	Lach2	93.478	46	3	0	22	67	2547767	2547722	9.41e-13	69.4
cisa3	Lach2	97.500	40	1	0	22	61	2547730	2547769	9.41e-13	69.4
cisa3	Lach2	97.500	40	1	0	30	69	2547769	2547730	9.41e-13	69.4
cisa3	Lach2	91.837	49	4	0	23	71	2600353	2600305	9.41e-13	69.4
cisa3	Lach2	93.478	46	3	0	22	67	2844838	2844883	9.41e-13	69.4
cisa3	Lach2	86.885	61	7	1	22	81	159469	159529	3.39e-12	67.6
cisa3	Lach2	85.075	67	8	2	27	93	226019	226083	3.39e-12	67.6
cisa3	Lach2	93.333	45	3	0	25	69	1111658	1111702	3.39e-12	67.6
cisa3	Lach2	97.436	39	1	0	22	60	1111696	1111658	3.39e-12	67.6
cisa3	Lach2	93.333	45	3	0	23	67	1133018	1132974	3.39e-12	67.6
cisa3	Lach2	95.238	42	2	0	28	69	1315952	1315993	3.39e-12	67.6
cisa3	Lach2	95.238	42	2	0	30	71	1315952	1315993	3.39e-12	67.6
cisa3	Lach2	95.238	42	2	0	30	71	1315993	1315952	3.39e-12	67.6
cisa3	Lach2	95.238	42	2	0	28	69	1315993	1315952	3.39e-12	67.6
cisa3	Lach2	90.385	52	3	2	12	61	1503603	1503654	3.39e-12	67.6
cisa3	Lach2	95.238	42	2	0	26	67	1503654	1503613	3.39e-12	67.6
cisa3	Lach2	100.000	36	0	0	26	61	1543036	1543071	3.39e-12	67.6
cisa3	Lach2	100.000	36	0	0	22	57	1543071	1543036	3.39e-12	67.6
cisa3	Lach2	100.000	36	0	0	22	57	1555546	1555581	3.39e-12	67.6
cisa3	Lach2	100.000	36	0	0	26	61	1555581	1555546	3.39e-12	67.6
cisa3	Lach2	91.667	48	4	0	22	69	1561566	1561519	3.39e-12	67.6
cisa3	Lach2	100.000	36	0	0	21	56	1628776	1628811	3.39e-12	67.6
cisa3	Lach2	95.238	42	2	0	22	63	1971840	1971799	3.39e-12	67.6
cisa3	Lach2	100.000	36	0	0	26	61	1971805	1971840	3.39e-12	67.6
cisa3	Lach2	91.667	48	4	0	34	81	2304499	2304452	3.39e-12	67.6
cisa3	Lach2	91.667	48	4	0	20	67	2388637	2388590	3.39e-12	67.6
cisa3	Lach2	100.000	36	0	0	28	63	2388600	2388635	3.39e-12	67.6
cisa3	Lach2	100.000	36	0	0	26	61	2539574	2539609	3.39e-12	67.6
cisa3	Lach2	100.000	36	0	0	26	61	2539609	2539574	3.39e-12	67.6
cisa3	Lach2	100.000	36	0	0	24	59	2539609	2539574	3.39e-12	67.6
cisa3	Lach2	100.000	36	0	0	22	57	2539609	2539574	3.39e-12	67.6
cisa3	Lach2	97.436	39	1	0	18	56	2619491	2619529	3.39e-12	67.6
cisa3	Lach2	91.837	49	3	1	23	70	2619492	2619540	3.39e-12	67.6
cisa3	Lach2	84.286	70	7	3	25	91	159466	159534	1.22e-11	65.8
cisa3	Lach2	97.368	38	1	0	22	59	216885	216848	1.22e-11	65.8
cisa3	Lach2	97.436	39	0	1	22	60	724940	724977	1.22e-11	65.8
cisa3	Lach2	93.182	44	3	0	28	71	1111702	1111659	1.22e-11	65.8
cisa3	Lach2	93.333	45	2	1	24	67	1129957	1130001	1.22e-11	65.8
cisa3	Lach2	100.000	35	0	0	22	56	1129957	1129991	1.22e-11	65.8
cisa3	Lach2	93.182	44	3	0	24	67	1214199	1214156	1.22e-11	65.8
cisa3	Lach2	97.368	38	1	0	22	59	1214166	1214203	1.22e-11	65.8
cisa3	Lach2	97.368	38	1	0	24	61	1214166	1214203	1.22e-11	65.8
cisa3	Lach2	97.368	38	1	0	28	65	1214166	1214203	1.22e-11	65.8
cisa3	Lach2	95.122	41	2	0	21	61	1392402	1392442	1.22e-11	65.8
cisa3	Lach2	97.368	38	1	0	28	65	1432503	1432466	1.22e-11	65.8
cisa3	Lach2	97.368	38	1	0	27	64	1524637	1524674	1.22e-11	65.8
cisa3	Lach2	97.368	38	1	0	29	66	1555545	1555582	1.22e-11	65.8
cisa3	Lach2	97.368	38	1	0	21	58	1628774	1628811	1.22e-11	65.8
cisa3	Lach2	100.000	35	0	0	26	60	1628777	1628811	1.22e-11	65.8
cisa3	Lach2	100.000	35	0	0	27	61	1628811	1628777	1.22e-11	65.8
cisa3	Lach2	100.000	35	0	0	25	59	1628811	1628777	1.22e-11	65.8
cisa3	Lach2	100.000	35	0	0	23	57	1628811	1628777	1.22e-11	65.8
cisa3	Lach2	93.182	44	3	0	22	65	1685958	1686001	1.22e-11	65.8
cisa3	Lach2	95.238	42	1	1	15	56	1947895	1947855	1.22e-11	65.8
cisa3	Lach2	100.000	35	0	0	23	57	1947855	1947889	1.22e-11	65.8
cisa3	Lach2	100.000	35	0	0	26	60	1947889	1947855	1.22e-11	65.8
cisa3	Lach2	100.000	35	0	0	24	58	1947889	1947855	1.22e-11	65.8
cisa3	Lach2	95.122	41	2	0	30	70	2333603	2333563	1.22e-11	65.8
cisa3	Lach2	82.051	78	13	1	28	105	2456744	2456668	1.22e-11	65.8
cisa3	Lach2	97.368	38	1	0	30	67	2511526	2511563	1.22e-11	65.8
cisa3	Lach2	95.122	41	2	0	25	65	2540756	2540716	1.22e-11	65.8
cisa3	Lach2	84.615	65	10	0	29	93	2600353	2600289	1.22e-11	65.8
cisa3	Lach2	97.436	39	0	1	20	58	2619492	2619529	1.22e-11	65.8
cisa3	Lach2	97.368	38	1	0	27	64	2619529	2619492	1.22e-11	65.8
cisa3	Lach2	97.368	38	1	0	23	60	2619529	2619492	1.22e-11	65.8
cisa3	Lach2	93.182	44	3	0	22	65	2844830	2844873	1.22e-11	65.8
cisa3	Lach2	97.297	37	1	0	28	64	159502	159466	4.38e-11	63.9
cisa3	Lach2	95.000	40	2	0	22	61	216883	216844	4.38e-11	63.9
cisa3	Lach2	97.368	38	0	1	28	65	724940	724976	4.38e-11	63.9
cisa3	Lach2	91.304	46	4	0	22	67	1129988	1129943	4.38e-11	63.9
cisa3	Lach2	97.297	37	1	0	31	67	1129991	1129955	4.38e-11	63.9
cisa3	Lach2	100.000	34	0	0	22	55	1129990	1129957	4.38e-11	63.9
cisa3	Lach2	93.182	44	2	1	29	71	1281515	1281558	4.38e-11	63.9
cisa3	Lach2	100.000	34	0	0	22	55	1315960	1315993	4.38e-11	63.9
cisa3	Lach2	100.000	34	0	0	21	54	1405616	1405649	4.38e-11	63.9
cisa3	Lach2	97.297	37	1	0	29	65	1543072	1543036	4.38e-11	63.9
cisa3	Lach2	95.000	40	2	0	30	69	1547801	1547840	4.38e-11	63.9
cisa3	Lach2	95.000	40	2	0	32	71	1547801	1547840	4.38e-11	63.9
cisa3	Lach2	95.000	40	2	0	32	71	1547840	1547801	4.38e-11	63.9
cisa3	Lach2	100.000	34	0	0	22	55	1547834	1547801	4.38e-11	63.9
cisa3	Lach2	100.000	34	0	0	22	55	1547807	1547840	4.38e-11	63.9
cisa3	Lach2	91.304	46	4	0	22	67	1561562	1561517	4.38e-11	63.9
cisa3	Lach2	90.000	50	3	1	34	83	1561527	1561574	4.38e-11	63.9
cisa3	Lach2	100.000	34	0	0	28	61	1628777	1628810	4.38e-11	63.9
cisa3	Lach2	100.000	34	0	0	22	55	1628810	1628777	4.38e-11	63.9
cisa3	Lach2	95.000	40	2	0	26	65	1865387	1865426	4.38e-11	63.9
cisa3	Lach2	97.368	38	0	1	19	55	1865389	1865426	4.38e-11	63.9
cisa3	Lach2	97.297	37	1	0	28	64	1865426	1865390	4.38e-11	63.9
cisa3	Lach2	88.679	53	5	1	34	85	1947889	1947837	4.38e-11	63.9
cisa3	Lach2	100.000	34	0	0	22	55	1947856	1947889	4.38e-11	63.9
cisa3	Lach2	100.000	34	0	0	28	61	1947889	1947856	4.38e-11	63.9
cisa3	Lach2	95.000	40	2	0	32	71	2333603	2333564	4.38e-11	63.9
cisa3	Lach2	100.000	34	0	0	22	55	2388600	2388633	4.38e-11	63.9
cisa3	Lach2	100.000	34	0	0	24	57	2388600	2388633	4.38e-11	63.9
cisa3	Lach2	100.000	34	0	0	26	59	2388600	2388633	4.38e-11	63.9
cisa3	Lach2	84.375	64	10	0	22	85	2423777	2423714	4.38e-11	63.9
cisa3	Lach2	97.297	37	1	0	31	67	2423778	2423742	4.38e-11	63.9
cisa3	Lach2	95.000	40	2	0	26	65	2496447	2496486	4.38e-11	63.9
cisa3	Lach2	97.297	37	1	0	29	65	2496487	2496451	4.38e-11	63.9
cisa3	Lach2	95.000	40	2	0	28	67	2511526	2511565	4.38e-11	63.9
cisa3	Lach2	95.000	40	2	0	22	61	2540755	2540716	4.38e-11	63.9
cisa3	Lach2	97.297	37	1	0	23	59	2540756	2540720	4.38e-11	63.9
cisa3	Lach2	89.796	49	5	0	22	70	2544260	2544308	4.38e-11	63.9
cisa3	Lach2	91.304	46	4	0	22	67	2547765	2547720	4.38e-11	63.9
cisa3	Lach2	95.000	40	2	0	26	65	2547730	2547769	4.38e-11	63.9
cisa3	Lach2	100.000	34	0	0	22	55	2547736	2547769	4.38e-11	63.9
cisa3	Lach2	97.297	37	1	0	22	58	2619528	2619492	4.38e-11	63.9
cisa3	Lach2	82.432	74	12	1	21	93	2625596	2625669	4.38e-11	63.9
cisa3	Lach2	91.304	46	4	0	28	73	2844830	2844875	4.38e-11	63.9
cisa3	Lach2	100.000	33	0	0	21	53	175356	175388	1.58e-10	62.1
cisa3	Lach2	100.000	33	0	0	21	53	175389	175357	1.58e-10	62.1
cisa3	Lach2	94.872	39	2	0	22	60	216881	216843	1.58e-10	62.1
cisa3	Lach2	100.000	33	0	0	22	54	1047382	1047414	1.58e-10	62.1
cisa3	Lach2	100.000	33	0	0	24	56	1047382	1047414	1.58e-10	62.1
cisa3	Lach2	100.000	33	0	0	29	61	1047414	1047382	1.58e-10	62.1
cisa3	Lach2	100.000	33	0	0	27	59	1047414	1047382	1.58e-10	62.1
cisa3	Lach2	100.000	33	0	0	25	57	1047414	1047382	1.58e-10	62.1
cisa3	Lach2	100.000	33	0	0	23	55	1047414	1047382	1.58e-10	62.1
cisa3	Lach2	91.111	45	4	0	34	78	1111702	1111658	1.58e-10	62.1
cisa3	Lach2	91.111	45	4	0	32	76	1111702	1111658	1.58e-10	62.1
cisa3	Lach2	100.000	33	0	0	22	54	1281547	1281515	1.58e-10	62.1
cisa3	Lach2	92.857	42	3	0	34	75	1315993	1315952	1.58e-10	62.1
cisa3	Lach2	92.857	42	3	0	34	75	1315952	1315993	1.58e-10	62.1
cisa3	Lach2	97.222	36	1	0	21	56	1405614	1405649	1.58e-10	62.1
cisa3	Lach2	100.000	33	0	0	26	58	1405617	1405649	1.58e-10	62.1
cisa3	Lach2	100.000	33	0	0	28	60	1405617	1405649	1.58e-10	62.1
cisa3	Lach2	100.000	33	0	0	29	61	1405649	1405617	1.58e-10	62.1
cisa3	Lach2	100.000	33	0	0	27	59	1405649	1405617	1.58e-10	62.1
cisa3	Lach2	100.000	33	0	0	25	57	1405649	1405617	1.58e-10	62.1
cisa3	Lach2	100.000	33	0	0	23	55	1405649	1405617	1.58e-10	62.1
cisa3	Lach2	97.222	36	1	0	30	65	1503619	1503654	1.58e-10	62.1
cisa3	Lach2	100.000	33	0	0	23	55	1524637	1524669	1.58e-10	62.1
cisa3	Lach2	97.222	36	1	0	30	65	1543036	1543071	1.58e-10	62.1
cisa3	Lach2	97.222	36	1	0	30	65	1555581	1555546	1.58e-10	62.1
cisa3	Lach2	89.583	48	5	0	24	71	1561527	1561574	1.58e-10	62.1
cisa3	Lach2	89.796	49	4	1	24	72	1666598	1666551	1.58e-10	62.1
cisa3	Lach2	97.222	36	1	0	30	65	1666552	1666587	1.58e-10	62.1
cisa3	Lach2	97.222	36	1	0	30	65	1865426	1865391	1.58e-10	62.1
cisa3	Lach2	97.222	36	1	0	30	65	1971805	1971840	1.58e-10	62.1
cisa3	Lach2	100.000	33	0	0	22	54	2333595	2333563	1.58e-10	62.1
cisa3	Lach2	97.222	36	1	0	32	67	2388600	2388635	1.58e-10	62.1
cisa3	Lach2	85.000	60	9	0	25	84	2423778	2423719	1.58e-10	62.1
cisa3	Lach2	92.857	42	3	0	26	67	2511526	2511567	1.58e-10	62.1
cisa3	Lach2	88.462	52	5	1	14	65	2539559	2539609	1.58e-10	62.1
cisa3	Lach2	97.222	36	1	0	30	65	2539609	2539574	1.58e-10	62.1
cisa3	Lach2	94.872	39	2	0	22	60	2600315	2600353	1.58e-10	62.1
cisa3	Lach2	97.222	36	1	0	32	67	2625599	2625634	1.58e-10	62.1
cisa3	Lach2	94.737	38	2	0	21	58	159503	159466	5.67e-10	60.2
cisa3	Lach2	97.143	35	1	0	21	55	175354	175388	5.67e-10	60.2
cisa3	Lach2	100.000	32	0	0	26	57	175357	175388	5.67e-10	60.2
cisa3	Lach2	100.000	32	0	0	28	59	175357	175388	5.67e-10	60.2
cisa3	Lach2	100.000	32	0	0	30	61	175357	175388	5.67e-10	60.2
cisa3	Lach2	100.000	32	0	0	30	61	175388	175357	5.67e-10	60.2
cisa3	Lach2	100.000	32	0	0	28	59	175388	175357	5.67e-10	60.2
cisa3	Lach2	100.000	32	0	0	26	57	175388	175357	5.67e-10	60.2
cisa3	Lach2	100.000	32	0	0	24	55	175388	175357	5.67e-10	60.2
cisa3	Lach2	91.111	45	2	2	25	68	566803	566846	5.67e-10	60.2
cisa3	Lach2	100.000	32	0	0	30	61	1047382	1047413	5.67e-10	60.2
cisa3	Lach2	100.000	32	0	0	22	53	1047413	1047382	5.67e-10	60.2
cisa3	Lach2	94.872	39	1	1	30	67	1129957	1129995	5.67e-10	60.2
cisa3	Lach2	89.796	49	2	3	6	53	1214212	1214166	5.67e-10	60.2
cisa3	Lach2	94.737	38	2	0	32	69	1214166	1214203	5.67e-10	60.2
cisa3	Lach2	94.737	38	2	0	28	65	1392405	1392442	5.67e-10	60.2
cisa3	Lach2	100.000	32	0	0	22	53	1392411	1392442	5.67e-10	60.2
cisa3	Lach2	85.484	62	4	4	3	63	1392828	1392771	5.67e-10	60.2
cisa3	Lach2	100.000	32	0	0	30	61	1405617	1405648	5.67e-10	60.2
cisa3	Lach2	100.000	32	0	0	22	53	1405648	1405617	5.67e-10	60.2
cisa3	Lach2	94.737	38	2	0	32	69	1432466	1432503	5.67e-10	60.2
cisa3	Lach2	94.737	38	2	0	34	71	1432466	1432503	5.67e-10	60.2
cisa3	Lach2	100.000	32	0	0	22	53	1432497	1432466	5.67e-10	60.2
cisa3	Lach2	100.000	32	0	0	22	53	1432472	1432503	5.67e-10	60.2
cisa3	Lach2	100.000	32	0	0	22	53	1503650	1503619	5.67e-10	60.2
cisa3	Lach2	94.737	38	2	0	31	68	1524637	1524674	5.67e-10	60.2
cisa3	Lach2	100.000	32	0	0	22	53	1524638	1524669	5.67e-10	60.2
cisa3	Lach2	97.143	35	1	0	31	65	1628811	1628777	5.67e-10	60.2
cisa3	Lach2	89.583	48	4	1	32	79	1666552	1666598	5.67e-10	60.2
cisa3	Lach2	100.000	32	0	0	22	53	1666583	1666552	5.67e-10	60.2
cisa3	Lach2	100.000	32	0	0	22	53	1666558	1666589	5.67e-10	60.2
cisa3	Lach2	100.000	32	0	0	22	53	1685981	1685950	5.67e-10	60.2
cisa3	Lach2	92.683	41	3	0	22	62	1947883	1947843	5.67e-10	60.2
cisa3	Lach2	90.909	44	4	0	22	65	1947844	1947887	5.67e-10	60.2
cisa3	Lach2	97.143	35	1	0	31	65	1971841	1971807	5.67e-10	60.2
cisa3	Lach2	92.857	42	2	1	27	68	2041398	2041438	5.67e-10	60.2
cisa3	Lach2	100.000	32	0	0	21	52	2041429	2041398	5.67e-10	60.2
cisa3	Lach2	100.000	32	0	0	22	53	2080684	2080715	5.67e-10	60.2
cisa3	Lach2	88.000	50	6	0	22	71	2304472	2304521	5.67e-10	60.2
cisa3	Lach2	100.000	32	0	0	22	53	2333572	2333603	5.67e-10	60.2
cisa3	Lach2	94.737	38	2	0	32	69	2456707	2456744	5.67e-10	60.2
cisa3	Lach2	94.737	38	2	0	34	71	2456707	2456744	5.67e-10	60.2
cisa3	Lach2	92.683	41	3	0	30	70	2496447	2496487	5.67e-10	60.2
cisa3	Lach2	94.737	38	2	0	33	70	2496487	2496450	5.67e-10	60.2
cisa3	Lach2	100.000	32	0	0	22	53	2511526	2511557	5.67e-10	60.2
cisa3	Lach2	100.000	32	0	0	24	55	2511526	2511557	5.67e-10	60.2
cisa3	Lach2	100.000	32	0	0	30	61	2511557	2511526	5.67e-10	60.2
cisa3	Lach2	100.000	32	0	0	28	59	2511557	2511526	5.67e-10	60.2
cisa3	Lach2	100.000	32	0	0	26	57	2511557	2511526	5.67e-10	60.2
cisa3	Lach2	100.000	32	0	0	24	55	2511557	2511526	5.67e-10	60.2
cisa3	Lach2	100.000	32	0	0	22	53	2511557	2511526	5.67e-10	60.2
cisa3	Lach2	100.000	32	0	0	22	53	2539578	2539609	5.67e-10	60.2
cisa3	Lach2	94.737	38	2	0	24	61	2540716	2540753	5.67e-10	60.2
cisa3	Lach2	90.909	44	4	0	22	65	2600350	2600307	5.67e-10	60.2
cisa3	Lach2	94.737	38	2	0	24	61	2600315	2600352	5.67e-10	60.2
cisa3	Lach2	94.737	38	2	0	22	59	2600352	2600315	5.67e-10	60.2
cisa3	Lach2	89.796	49	2	2	23	68	2619540	2619492	5.67e-10	60.2
cisa3	Lach2	94.737	38	2	0	30	67	2625599	2625636	5.67e-10	60.2
cisa3	Lach2	100.000	32	0	0	22	53	2720682	2720713	5.67e-10	60.2
cisa3	Lach2	100.000	32	0	0	24	55	2720682	2720713	5.67e-10	60.2
cisa3	Lach2	100.000	32	0	0	26	57	2720682	2720713	5.67e-10	60.2
cisa3	Lach2	100.000	32	0	0	28	59	2720682	2720713	5.67e-10	60.2
cisa3	Lach2	100.000	32	0	0	30	61	2720682	2720713	5.67e-10	60.2
cisa3	Lach2	100.000	32	0	0	30	61	2720713	2720682	5.67e-10	60.2
cisa3	Lach2	100.000	32	0	0	28	59	2720713	2720682	5.67e-10	60.2
cisa3	Lach2	100.000	32	0	0	26	57	2720713	2720682	5.67e-10	60.2
cisa3	Lach2	100.000	32	0	0	24	55	2720713	2720682	5.67e-10	60.2
cisa3	Lach2	100.000	32	0	0	22	53	2720713	2720682	5.67e-10	60.2
cisa3	Lach2	90.909	44	4	0	34	77	2844873	2844830	5.67e-10	60.2
cisa3	Lach2	90.909	44	4	0	32	75	2844873	2844830	5.67e-10	60.2
cisa3	Lach2	94.737	38	2	0	22	59	2844867	2844830	5.67e-10	60.2
cisa3	Lach2	97.143	35	1	0	20	54	2938578	2938544	5.67e-10	60.2
